# name: debug
# type: sparse matrix
# nnz: 4068
# rows: 90
# columns: 90

1 1 11.8576827
2 1 -0.373767016
3 1 -1.55895314
4 1 3.81196274e+21
5 1 -3.06325834e+23
6 1 8.18986495e+22
7 1 0.162453703
8 1 0.320262748
9 1 2.97733352
10 1 -26.1335887
11 1 -206.213668
12 1 -2.7152764
13 1 1.90630886
14 1 -0.500924207
15 1 0.321878902
16 1 38.8021459
17 1 -20.9420197
18 1 -21.6421484
19 1 0.702005943
20 1 1.51038651
21 1 -1.00371657
22 1 -82.2819037
23 1 -99.1813432
24 1 -47.3818427
25 1 0.0974896086
26 1 0.279585162
27 1 1.97676412
28 1 -86.8916021
29 1 97.5705437
30 1 -97.3756238
31 1 -0.92070198
32 1 0.381528437
33 1 -0.058741057
34 1 13.3782155
35 1 54.806279
36 1 -81.0908614
55 1 0.179266907
56 1 0.571300809
57 1 -0.800730303
58 1 76.3221102
59 1 42.6441793
60 1 -47.7883829
1 2 -0.373767016
2 2 0.718552918
3 2 0.92028238
4 2 3.8915037e+20
5 2 -1.05203593e+22
6 2 2.63109819e+21
7 2 0.00346487247
8 2 0.00683068197
9 2 0.063501667
10 2 -0.557386815
11 2 -4.39820114
12 2 -0.0579124161
13 2 0.0966648253
14 2 -0.0254007899
15 2 0.0163217873
16 2 1.96757342
17 2 -1.06192481
18 2 -1.09742683
19 2 0.0640440455
20 2 0.137792655
21 2 -0.091569125
22 2 -7.50658315
23 2 -9.04832007
24 2 -4.32264843
25 2 0.00264207989
26 2 0.00757707765
27 2 0.0535725686
28 2 -2.3548618
29 2 2.64427333
30 2 -2.63899077
31 2 -0.0381298275
32 2 0.0158005672
33 2 -0.00243269421
34 2 0.55404361
35 2 2.26973984
36 2 -3.35828599
55 2 0.00315515357
56 2 0.0100550727
57 2 -0.0140931035
58 2 1.34329299
59 2 0.75055088
60 2 -0.84109047
1 3 -1.55895314
2 3 0.92028238
3 3 1.42376435
4 3 -1.31024864e+21
5 3 1.4637018e+22
6 3 6.70839657e+21
7 3 0.00267285415
8 3 0.00526928963
9 3 0.0489861302
10 3 -0.429976477
11 3 -3.39283776
12 3 -0.0446744989
13 3 0.0330620842
14 3 -0.00868778331
15 3 0.00558250952
16 3 0.672965352
17 3 -0.3632081
18 3 -0.375350787
19 3 -0.15610899
20 3 -0.335873101
21 3 0.223202072
22 3 18.2974874
23 3 22.0555103
24 3 10.5365655
25 3 -0.00206762426
26 3 -0.0059296275
27 3 -0.0419245243
28 3 1.84285471
29 3 -2.06934079
30 3 2.0652068
31 3 0.0367033312
32 3 -0.0152094433
33 3 0.00234168332
34 3 -0.533315974
35 3 -2.18482533
36 3 3.23264727
55 3 4.70973993e-05
56 3 0.000150093416
57 3 -0.000210369641
58 3 0.020051514
59 3 0.0112035734
60 3 -0.0125550699
1 4 3.81196274e+21
2 4 3.8915037e+20
3 4 -1.31024864e+21
4 4 2.14766756e+43
5 4 -2.7128016e+44
6 4 -1.85371356e+44
7 4 -3.216532e+19
8 4 -6.34110123e+19
9 4 -5.89502631e+20
10 4 5.174368e+21
11 4 4.08296548e+22
12 4 5.37616148e+20
13 4 -2.66577706e+21
14 4 7.00491029e+20
15 4 -4.50114569e+20
16 4 -5.42608137e+22
17 4 2.92852626e+22
18 4 3.02643206e+22
19 4 2.06531301e+21
20 4 4.44358191e+21
21 4 -2.95295063e+21
22 4 -2.42074711e+23
23 4 -2.9179314e+23
24 4 -1.39398159e+23
25 4 3.31379697e+19
26 4 9.50345863e+19
27 4 6.71927507e+20
28 4 -2.95355712e+22
29 4 3.31654806e+22
30 4 -3.30992248e+22
31 4 -2.22256675e+19
32 4 9.21006402e+18
33 4 -1.41800412e+18
34 4 3.22948984e+20
35 4 1.32301891e+21
36 4 -1.9575265e+21
55 4 1.66513208e+20
56 4 5.30656397e+20
57 4 -7.43763443e+20
58 4 7.08922783e+22
59 4 3.96103177e+22
60 4 -4.4388544e+22
1 5 -3.06325834e+23
2 5 -1.05203593e+22
3 5 1.4637018e+22
4 5 -2.7128016e+44
5 5 1.40159054e+46
6 5 1.35018558e+45
7 5 -6.00881449e+21
8 5 -1.1845833e+22
9 5 -1.10125189e+23
10 5 9.66625466e+23
11 5 7.62740187e+24
12 5 1.00432258e+23
13 5 3.28206787e+22
14 5 -8.62434875e+21
15 5 5.54174837e+21
16 5 6.6805164e+23
17 5 -3.60556106e+23
18 5 -3.72610133e+23
19 5 -2.11033891e+22
20 5 -4.54045647e+22
21 5 3.01732793e+22
22 5 2.47352184e+24
23 5 2.98154524e+24
24 5 1.42437179e+24
25 5 -4.13028125e+21
26 5 -1.18450096e+22
27 5 -8.37483289e+22
28 5 3.68128214e+24
29 5 -4.13371018e+24
30 5 4.12545213e+24
31 5 3.34826025e+22
32 5 -1.387481e+22
33 5 2.13619989e+21
34 5 -4.86517332e+23
35 5 -1.99310623e+24
36 5 2.94898147e+24
55 5 -9.33542488e+21
56 5 -2.97508106e+22
57 5 4.16984804e+22
58 5 -3.97451677e+24
59 5 -2.2207196e+24
60 5 2.48860689e+24
1 6 8.18986495e+22
2 6 2.63109819e+21
3 6 6.70839657e+21
4 6 -1.85371356e+44
5 6 1.35018558e+45
6 6 1.90907408e+46
7 6 9.74432193e+21
8 6 1.92100473e+22
9 6 1.78586858e+23
10 6 -1.56754876e+24
11 6 -1.23691386e+25
12 6 -1.62868108e+23
13 6 5.77455807e+22
14 6 -1.517391e+22
15 6 9.75030042e+21
16 6 1.17538794e+24
17 6 -6.34372065e+23
18 6 -6.55580241e+23
19 6 6.29788145e+20
20 6 1.35500779e+21
21 6 -9.00460752e+20
22 6 -7.38172775e+22
23 6 -8.89782128e+22
24 6 -4.25075074e+22
25 6 -3.71533914e+21
26 6 -1.06550197e+22
27 6 -7.53346868e+22
28 6 3.31144801e+24
29 6 -3.71842359e+24
30 6 3.71099517e+24
31 6 3.42263931e+22
32 6 -1.41830283e+22
33 6 2.18365394e+21
34 6 -4.97324946e+23
35 6 -2.03738157e+24
36 6 3.01449086e+24
55 6 -8.39979877e+21
56 6 -2.67690893e+22
57 6 3.75193254e+22
58 6 -3.57617799e+24
59 6 -1.99815198e+24
60 6 2.23919075e+24
1 7 0.162453703
2 7 0.00346487247
3 7 0.00267285415
4 7 -3.216532e+19
5 7 -6.00881449e+21
6 7 9.74432193e+21
7 7 10.8146095
8 7 0.24631103
9 7 -1.05029107
10 7 3.78357825e+22
11 7 -3.77974586e+23
12 7 6.83036559e+23
13 7 -1.11979462
14 7 -1.30672222
15 7 2.45153592
16 7 -166.959229
17 7 97.3063255
18 7 -228.383954
19 7 1.95532866
20 7 -0.378947017
21 7 0.181278184
22 7 -184.21725
23 7 14.2149719
24 7 -15.6226525
25 7 0.0297522755
26 7 -1.88621792
27 7 0.568391982
28 7 -34.9078832
29 7 -5.71562095
30 7 -138.141602
31 7 -1.24526205
32 7 -2.27449324
33 7 1.49106247
34 7 45.0261489
35 7 -191.194897
36 7 -163.7222
1 8 0.320262748
2 8 0.00683068197
3 8 0.00526928963
4 8 -6.34110123e+19
5 8 -1.1845833e+22
6 8 1.92100473e+22
7 8 0.24631103
8 8 0.266169174
9 8 -0.0989569956
10 8 -2.03178226e+21
11 8 8.05836209e+21
12 8 -2.33080451e+22
13 8 -0.00744588342
14 8 -0.00868882663
15 8 0.0163010702
16 8 -1.11016693
17 8 0.647021823
18 8 -1.51860017
19 8 0.00181924365
20 8 -0.00035257344
21 8 0.000168661766
22 8 -0.171396282
23 8 0.0132256524
24 8 -0.0145353627
25 8 -0.00142386361
26 8 0.0902692989
27 8 -0.0272017063
28 8 1.67059708
29 8 0.273534194
30 8 6.61108425
31 8 0.0598767545
32 8 0.109365955
33 8 -0.0716957377
34 8 -2.16502194
35 8 9.19335002
36 8 7.87236226
1 9 2.97733352
2 9 0.063501667
3 9 0.0489861302
4 9 -5.89502631e+20
5 9 -1.10125189e+23
6 9 1.78586858e+23
7 9 -1.05029107
8 9 -0.0989569956
9 9 3.91922137
10 9 -5.98842569e+21
11 9 8.40310709e+21
12 9 -4.58941446e+22
13 9 -0.0626833368
14 9 -0.0731470821
15 9 0.137230926
16 9 -9.34596524
17 9 5.44696775
18 9 -12.7843696
19 9 0.0146241279
20 9 -0.0028341883
21 9 0.00135580038
22 9 -1.37778199
23 9 0.106315409
24 9 -0.116843614
25 9 -0.00499330816
26 9 0.316562923
27 9 -0.0953929159
28 9 5.85857097
29 9 0.959249544
30 9 23.1842296
31 9 0.0745288511
32 9 0.136128269
33 9 -0.0892399897
34 9 -2.69481202
35 9 11.4430019
36 9 9.7987628
1 10 -26.1335887
2 10 -0.557386815
3 10 -0.429976477
4 10 5.174368e+21
5 10 9.66625466e+23
6 10 -1.56754876e+24
7 10 3.78357825e+22
8 10 -2.03178226e+21
9 10 -5.98842569e+21
10 10 5.25769743e+44
11 10 -1.15080341e+45
12 10 4.11073128e+45
13 10 1.24355115e+21
14 10 1.45113746e+21
15 10 -2.72247274e+21
16 10 1.85411091e+23
17 10 -1.08060345e+23
18 10 2.53624303e+23
19 10 -7.50495394e+20
20 10 1.45447666e+20
21 10 -6.95782989e+19
22 10 7.0706373e+22
23 10 -5.45599885e+21
24 10 5.99629563e+21
25 10 4.66723075e+20
26 10 -2.95890452e+22
27 10 8.91634837e+21
28 10 -5.47598941e+23
29 10 -8.96607785e+22
30 10 -2.16702326e+24
31 10 -4.79235027e+21
32 10 -8.75331283e+21
33 10 5.73830513e+21
34 10 1.73281661e+23
35 10 -7.35807307e+23
36 10 -6.30079531e+23
1 11 -206.213668
2 11 -4.39820114
3 11 -3.39283776
4 11 4.08296548e+22
5 11 7.62740187e+24
6 11 -1.23691386e+25
7 11 -3.77974586e+23
8 11 8.05836209e+21
9 11 8.40310709e+21
10 11 -1.15080341e+45
11 11 1.56277988e+46
12 11 -2.52493388e+46
13 11 5.37146642e+22
14 11 6.26812667e+22
15 11 -1.17596054e+23
16 11 8.00875336e+24
17 11 -4.66762075e+24
18 11 1.09551941e+25
19 11 -4.49448101e+22
20 11 8.71040354e+21
21 11 -4.16682561e+21
22 11 4.23438242e+24
23 11 -3.26742621e+23
24 11 3.59099297e+23
25 11 -7.79631611e+20
26 11 4.94266433e+22
27 11 -1.48942005e+22
28 11 9.1472967e+23
29 11 1.49772704e+23
30 11 3.61987638e+24
31 11 5.74932839e+22
32 11 1.05012503e+23
33 11 -6.88417973e+22
34 11 -2.07884048e+24
35 11 8.82739699e+24
36 11 7.55899283e+24
1 12 -2.7152764
2 12 -0.0579124161
3 12 -0.0446744989
4 12 5.37616148e+20
5 12 1.00432258e+23
6 12 -1.62868108e+23
7 12 6.83036559e+23
8 12 -2.33080451e+22
9 12 -4.58941446e+22
10 12 4.11073128e+45
11 12 -2.52493388e+46
12 12 5.82586324e+46
13 12 -2.85957179e+22
14 12 -3.33692083e+22
15 12 6.26038279e+22
16 12 -4.26356667e+24
17 12 2.48487016e+24
18 12 -5.8321437e+24
19 12 1.05936623e+23
20 12 -2.05307516e+22
21 12 9.82136607e+21
22 12 -9.98060004e+24
23 12 7.70144755e+23
24 12 -8.46410668e+23
25 12 3.00325198e+21
26 12 -1.90398468e+23
27 12 5.73745811e+22
28 12 -3.52366894e+24
29 12 -5.76945784e+23
30 12 -1.39442793e+25
31 12 -1.26263092e+23
32 12 -2.30621778e+23
33 12 1.51185975e+23
34 12 4.56541719e+24
35 12 -1.93861676e+25
36 12 -1.66005791e+25
1 13 1.90630886
2 13 0.0966648253
3 13 0.0330620842
4 13 -2.66577706e+21
5 13 3.28206787e+22
6 13 5.77455807e+22
7 13 -1.11979462
8 13 -0.00744588342
9 13 -0.0626833368
10 13 1.24355115e+21
11 13 5.37146642e+22
12 13 -2.85957179e+22
13 13 10.9338732
14 13 0.199114162
15 13 -1.23335856
16 13 8.59611247e+22
17 13 -5.31316904e+23
18 13 2.61433976e+23
19 13 0.49599794
20 13 -2.57108151
21 13 1.45826159
22 13 -165.166864
23 13 55.4721795
24 13 -185.485585
25 13 0.134295781
26 13 -1.06015655
27 13 -1.67123856
28 13 98.1679958
29 13 35.0010992
30 13 -130.835578
31 13 1.93141115
32 13 -1.97241737
33 13 1.04352757
34 13 179.260859
35 13 -115.113869
36 13 -42.3945527
37 13 0.448156664
38 13 0.531667762
39 13 0.515423035
40 13 25.3135451
41 13 38.1109144
42 13 -18.8129982
1 14 -0.500924207
2 14 -0.0254007899
3 14 -0.00868778331
4 14 7.00491029e+20
5 14 -8.62434875e+21
6 14 -1.517391e+22
7 14 -1.30672222
8 14 -0.00868882663
9 14 -0.0731470821
10 14 1.45113746e+21
11 14 6.26812667e+22
12 14 -3.33692083e+22
13 14 0.199114162
14 14 2.48054356
15 14 -1.86675512
16 14 2.36315875e+22
17 14 -4.5027994e+22
18 14 -7.4985043e+21
19 14 0.00566496203
20 14 -0.0293652008
21 14 0.0166553041
22 14 -1.88642721
23 14 0.633566725
24 14 -2.11849428
25 14 0.0019591711
26 14 -0.015466071
27 14 -0.0243808277
28 14 1.43212169
29 14 0.51061278
30 14 -1.90869201
31 14 0.0359526763
32 14 -0.0367159956
33 14 0.0194249728
34 14 3.33689057
35 14 -2.14281236
36 14 -0.789162698
37 14 0.250814646
38 14 0.297552334
39 14 0.288460836
40 14 14.1669384
41 14 21.3290938
42 14 -10.5288527
1 15 0.321878902
2 15 0.0163217873
3 15 0.00558250952
4 15 -4.50114569e+20
5 15 5.54174837e+21
6 15 9.75030042e+21
7 15 2.45153592
8 15 0.0163010702
9 15 0.137230926
10 15 -2.72247274e+21
11 15 -1.17596054e+23
12 15 6.26038279e+22
13 15 -1.23335856
14 15 -1.86675512
15 15 2.58558328
16 15 -8.8418977e+20
17 15 5.1641003e+22
18 15 -4.09331307e+22
19 15 -0.0208195885
20 15 0.107921535
21 15 -0.0612107505
22 15 6.93290407
23 15 -2.32845312
24 15 7.78578549
25 15 -0.0171479214
26 15 0.135368968
27 15 0.213396633
28 15 -12.5348471
29 15 -4.46921038
30 15 16.706096
31 15 -0.35075563
32 15 0.358202602
33 15 -0.189510748
34 15 -32.554827
35 15 20.9053561
36 15 7.69910026
37 15 0.0658385604
38 15 0.0781071506
39 15 0.0757206426
40 15 3.71880527
41 15 5.59886295
42 15 -2.76381189
1 16 38.8021459
2 16 1.96757342
3 16 0.672965352
4 16 -5.42608137e+22
5 16 6.6805164e+23
6 16 1.17538794e+24
7 16 -166.959229
8 16 -1.11016693
9 16 -9.34596524
10 16 1.85411091e+23
11 16 8.00875336e+24
12 16 -4.26356667e+24
13 16 8.59611247e+22
14 16 2.36315875e+22
15 16 -8.8418977e+20
16 16 2.59056132e+45
17 16 -6.84350409e+45
18 16 7.90143091e+44
19 16 6.1864679e+20
20 16 -3.20685066e+21
21 16 1.81885604e+21
22 16 -2.0600882e+23
23 16 6.918917e+22
24 16 -2.31351892e+23
25 16 9.83127654e+20
26 16 -7.76099753e+21
27 16 -1.22344934e+22
28 16 7.18650063e+23
29 16 2.56229558e+23
30 16 -9.57796843e+23
31 16 1.79260414e+22
32 16 -1.83066332e+22
33 16 9.68531144e+21
34 16 1.66377707e+24
35 16 -1.06840845e+24
36 16 -3.93477334e+23
37 16 2.44526669e+22
38 16 2.90092634e+22
39 16 2.81229061e+22
40 16 1.38117702e+24
41 16 2.07943688e+24
42 16 -1.02648921e+24
1 17 -20.9420197
2 17 -1.06192481
3 17 -0.3632081
4 17 2.92852626e+22
5 17 -3.60556106e+23
6 17 -6.34372065e+23
7 17 97.3063255
8 17 0.647021823
9 17 5.44696775
10 17 -1.08060345e+23
11 17 -4.66762075e+24
12 17 2.48487016e+24
13 17 -5.31316904e+23
14 17 -4.5027994e+22
15 17 5.1641003e+22
16 17 -6.84350409e+45
17 17 3.60463933e+46
18 17 -1.65505338e+46
19 17 -1.77156266e+22
20 17 9.18316716e+22
21 17 -5.20849295e+22
22 17 5.89928758e+24
23 17 -1.98130746e+24
24 17 6.62501415e+24
25 17 -9.82576572e+21
26 17 7.75664719e+22
27 17 1.22276355e+23
28 17 -7.18247231e+24
29 17 -2.56085931e+24
30 17 9.5725996e+24
31 17 -1.41685652e+23
32 17 1.44693812e+23
33 17 -7.65517402e+22
34 17 -1.31503288e+25
35 17 8.44459432e+24
36 17 3.11000579e+24
37 17 -4.03410326e+22
38 17 -4.78583234e+22
39 17 -4.63960466e+22
40 17 -2.27861065e+24
41 17 -3.43057187e+24
42 17 1.69346087e+24
1 18 -21.6421484
2 18 -1.09742683
3 18 -0.375350787
4 18 3.02643206e+22
5 18 -3.72610133e+23
6 18 -6.55580241e+23
7 18 -228.383954
8 18 -1.51860017
9 18 -12.7843696
10 18 2.53624303e+23
11 18 1.09551941e+25
12 18 -5.8321437e+24
13 18 2.61433976e+23
14 18 -7.4985043e+21
15 18 -4.09331307e+22
16 18 7.90143091e+44
17 18 -1.65505338e+46
18 18 1.20397605e+46
19 18 9.91802415e+21
20 18 -5.14116016e+22
21 18 2.91595437e+22
22 18 -3.30269304e+24
23 18 1.10922722e+24
24 18 -3.70898822e+24
25 18 6.57686359e+21
26 18 -5.19190178e+22
27 18 -8.18455202e+22
28 18 4.80757856e+24
29 18 1.71410787e+24
30 18 -6.40740718e+24
31 18 8.41856131e+22
32 18 -8.59729767e+22
33 18 4.54848822e+22
34 18 7.81355403e+24
35 18 -5.01753947e+24
36 18 -1.84787761e+24
37 18 -1.2766133e+22
38 18 -1.51450194e+22
39 18 -1.46822742e+22
40 18 -7.21078385e+23
41 18 -1.0856226e+24
42 18 5.35904644e+23
1 19 0.702005943
2 19 0.0640440455
3 19 -0.15610899
4 19 2.06531301e+21
5 19 -2.11033891e+22
6 19 6.29788145e+20
7 19 1.95532866
8 19 0.00181924365
9 19 0.0146241279
10 19 -7.50495394e+20
11 19 -4.49448101e+22
12 19 1.05936623e+23
13 19 0.49599794
14 19 0.00566496203
15 19 -0.0208195885
16 19 6.1864679e+20
17 19 -1.77156266e+22
18 19 9.91802415e+21
19 19 10.2811761
20 19 -0.183984936
21 19 -1.43509521
22 19 2.59102001e+22
23 19 -2.09843129e+23
24 19 2.64814549e+23
25 19 -0.0537792805
26 19 2.83526189
27 19 -0.976460679
28 19 200.639142
29 19 172.399033
30 19 -126.729752
31 19 0.570466695
32 19 0.643980014
33 19 -0.50475855
34 19 74.5987742
35 19 45.92569
36 19 -4.51274743
43 19 2.04724127
44 19 0.964821611
45 19 -1.92859586
46 19 244.404135
47 19 93.8735569
48 19 -70.4161852
1 20 1.51038651
2 20 0.137792655
3 20 -0.335873101
4 20 4.44358191e+21
5 20 -4.54045647e+22
6 20 1.35500779e+21
7 20 -0.378947017
8 20 -0.00035257344
9 20 -0.0028341883
10 20 1.45447666e+20
11 20 8.71040354e+21
12 20 -2.05307516e+22
13 20 -2.57108151
14 20 -0.0293652008
15 20 0.107921535
16 20 -3.20685066e+21
17 20 9.18316716e+22
18 20 -5.14116016e+22
19 20 -0.183984936
20 20 3.51078561
21 20 -1.99623886
22 20 1.27027574e+21
23 20 -5.0738138e+21
24 20 7.98784107e+21
25 20 0.000232300085
26 20 -0.0122469392
27 20 0.00421783066
28 20 -0.866662573
29 20 -0.744679171
30 20 0.547410302
31 20 0.00987304721
32 20 0.0111453397
33 20 -0.00873583863
34 20 1.29107839
35 20 0.794834317
36 20 -0.0781019625
43 20 0.119673368
44 20 0.0563995331
45 20 -0.112737842
46 20 14.2868681
47 20 5.48746496
48 20 -4.11624276
1 21 -1.00371657
2 21 -0.091569125
3 21 0.223202072
4 21 -2.95295063e+21
5 21 3.01732793e+22
6 21 -9.00460752e+20
7 21 0.181278184
8 21 0.000168661766
9 21 0.00135580038
10 21 -6.95782989e+19
11 21 -4.16682561e+21
12 21 9.82136607e+21
13 21 1.45826159
14 21 0.0166553041
15 21 -0.0612107505
16 21 1.81885604e+21
17 21 -5.20849295e+22
18 21 2.91595437e+22
19 21 -1.43509521
20 21 -1.99623886
21 21 2.20803828
22 21 -2.78515244e+21
23 21 1.43539234e+22
24 21 -2.08363863e+22
25 21 0.00123641913
26 21 -0.0651844357
27 21 0.0224494388
28 21 -4.61281876
29 21 -3.96356109
30 21 2.91359589
31 21 -0.0395340717
32 21 -0.0446286388
33 21 0.0349804132
34 21 -5.16979048
35 21 -3.18270907
36 21 0.31273917
43 21 -0.246544898
44 21 -0.116191408
45 21 0.232256684
46 21 -29.4330685
47 21 -11.3049921
48 21 8.48007093
1 22 -82.2819037
2 22 -7.50658315
3 22 18.2974874
4 22 -2.42074711e+23
5 22 2.47352184e+24
6 22 -7.38172775e+22
7 22 -184.21725
8 22 -0.171396282
9 22 -1.37778199
10 22 7.0706373e+22
11 22 4.23438242e+24
12 22 -9.98060004e+24
13 22 -165.166864
14 22 -1.88642721
15 22 6.93290407
16 22 -2.0600882e+23
17 22 5.89928758e+24
18 22 -3.30269304e+24
19 22 2.59102001e+22
20 22 1.27027574e+21
21 22 -2.78515244e+21
22 22 1.60077392e+44
23 22 -7.48604198e+44
24 22 1.12357912e+45
25 22 -2.91413499e+19
26 22 1.53634184e+21
27 22 -5.29114224e+20
28 22 1.08720224e+23
29 22 9.34177717e+22
30 22 -6.86709829e+22
31 22 1.98334178e+21
32 22 2.23892557e+21
33 22 -1.75489425e+21
34 22 2.59357588e+23
35 22 1.59669865e+23
36 22 -1.56894708e+22
43 22 1.44669247e+22
44 22 6.81795632e+21
45 22 -1.36285114e+22
46 22 1.72709307e+24
47 22 6.6336181e+23
48 22 -4.97599214e+23
1 23 -99.1813432
2 23 -9.04832007
3 23 22.0555103
4 23 -2.9179314e+23
5 23 2.98154524e+24
6 23 -8.89782128e+22
7 23 14.2149719
8 23 0.0132256524
9 23 0.106315409
10 23 -5.45599885e+21
11 23 -3.26742621e+23
12 23 7.70144755e+23
13 23 55.4721795
14 23 0.633566725
15 23 -2.32845312
16 23 6.918917e+22
17 23 -1.98130746e+24
18 23 1.10922722e+24
19 23 -2.09843129e+23
20 23 -5.0738138e+21
21 23 1.43539234e+22
22 23 -7.48604198e+44
23 23 6.50114419e+45
24 23 -7.83525847e+45
25 23 1.82700286e+21
26 23 -9.63202095e+22
27 23 3.31725607e+22
28 23 -6.81616194e+24
29 23 -5.85678207e+24
30 23 4.3052941e+24
31 23 -1.11249418e+22
32 23 -1.25585599e+22
33 23 9.84353604e+21
34 23 -1.4547861e+24
35 23 -8.95618677e+23
36 23 8.80052293e+22
43 23 -6.15312028e+22
44 23 -2.89983575e+22
45 23 5.79652359e+22
46 23 -7.34572941e+24
47 23 -2.82143241e+24
48 23 2.11640545e+24
1 24 -47.3818427
2 24 -4.32264843
3 24 10.5365655
4 24 -1.39398159e+23
5 24 1.42437179e+24
6 24 -4.25075074e+22
7 24 -15.6226525
8 24 -0.0145353627
9 24 -0.116843614
10 24 5.99629563e+21
11 24 3.59099297e+23
12 24 -8.46410668e+23
13 24 -185.485585
14 24 -2.11849428
15 24 7.78578549
16 24 -2.31351892e+23
17 24 6.62501415e+24
18 24 -3.70898822e+24
19 24 2.64814549e+23
20 24 7.98784107e+21
21 24 -2.08363863e+22
22 24 1.12357912e+45
23 24 -7.83525847e+45
24 24 1.0460354e+46
25 24 -1.61079176e+21
26 24 8.49214871e+22
27 24 -2.92468548e+22
28 24 6.00952397e+24
29 24 5.163679e+24
30 24 -3.79579716e+24
31 24 2.58408333e+22
32 24 2.91708181e+22
33 24 -2.2864405e+22
34 24 3.37915343e+24
35 24 2.08032846e+24
36 24 -2.04417112e+23
43 24 9.02620137e+22
44 24 4.25385824e+22
45 24 -8.50309872e+22
46 24 1.07756764e+25
47 24 4.13884597e+24
48 24 -3.10462024e+24
1 25 0.0974896086
2 25 0.00264207989
3 25 -0.00206762426
4 25 3.31379697e+19
5 25 -4.13028125e+21
6 25 -3.71533914e+21
7 25 0.0297522755
8 25 -0.00142386361
9 25 -0.00499330816
10 25 4.66723075e+20
11 25 -7.79631611e+20
12 25 3.00325198e+21
13 25 0.134295781
14 25 0.0019591711
15 25 -0.0171479214
16 25 9.83127654e+20
17 25 -9.82576572e+21
18 25 6.57686359e+21
19 25 -0.0537792805
20 25 0.000232300085
21 25 0.00123641913
22 25 -2.91413499e+19
23 25 1.82700286e+21
24 25 -1.61079176e+21
25 25 8.29912621
26 25 -0.630633182
27 25 -0.467952783
28 25 4.30074583e+20
29 25 -2.08484428e+23
30 25 -1.42123491e+22
31 25 -0.467979182
32 25 -1.51562485
33 25 -2.54359228
34 25 192.537674
35 25 -86.1284429
36 25 -211.011932
37 25 -0.830176673
38 25 -0.506146014
39 25 0.22123333
40 25 24.7049508
41 25 -94.6343279
42 25 -12.4511498
43 25 -0.564234685
44 25 -0.326761873
45 25 -0.750270275
46 25 46.1305112
47 25 -39.9878406
48 25 -78.3927421
55 25 1.64993451
56 25 -1.82778454
57 25 -1.55499079
58 25 234.693194
59 25 -130.338924
60 25 -37.3123799
1 26 0.279585162
2 26 0.00757707765
3 26 -0.0059296275
4 26 9.50345863e+19
5 26 -1.18450096e+22
6 26 -1.06550197e+22
7 26 -1.88621792
8 26 0.0902692989
9 26 0.316562923
10 26 -2.95890452e+22
11 26 4.94266433e+22
12 26 -1.90398468e+23
13 26 -1.06015655
14 26 -0.015466071
15 26 0.135368968
16 26 -7.76099753e+21
17 26 7.75664719e+22
18 26 -5.19190178e+22
19 26 2.83526189
20 26 -0.0122469392
21 26 -0.0651844357
22 26 1.53634184e+21
23 26 -9.63202095e+22
24 26 8.49214871e+22
25 26 -0.630633182
26 26 6.13830596
27 26 -1.04693791
28 26 -7.72588722e+18
29 26 -5.88601004e+21
30 26 -8.30377145e+20
31 26 -0.00806503351
32 26 -0.0261198909
33 26 -0.0438356186
34 26 3.31814502
35 26 -1.48431555
36 26 -3.63652566
37 26 -0.0289528083
38 26 -0.0176520842
39 26 0.00771561813
40 26 0.861596968
41 26 -3.30041742
42 26 -0.434239801
43 26 -0.0138660573
44 26 -0.00803016718
45 26 -0.0184378786
46 26 1.13365649
47 26 -0.982700469
48 26 -1.92650024
55 26 0.0538209062
56 26 -0.0596223786
57 26 -0.0507238394
58 26 7.65569801
59 26 -4.25165905
60 26 -1.21713079
1 27 1.97676412
2 27 0.0535725686
3 27 -0.0419245243
4 27 6.71927507e+20
5 27 -8.37483289e+22
6 27 -7.53346868e+22
7 27 0.568391982
8 27 -0.0272017063
9 27 -0.0953929159
10 27 8.91634837e+21
11 27 -1.48942005e+22
12 27 5.73745811e+22
13 27 -1.67123856
14 27 -0.0243808277
15 27 0.213396633
16 27 -1.22344934e+22
17 27 1.22276355e+23
18 27 -8.18455202e+22
19 27 -0.976460679
20 27 0.00421783066
21 27 0.0224494388
22 27 -5.29114224e+20
23 27 3.31725607e+22
24 27 -2.92468548e+22
25 27 -0.467952783
26 27 -1.04693791
27 27 4.56256782
28 27 5.63723057e+20
29 27 2.16179375e+22
30 27 5.45593546e+21
31 27 0.0166291608
32 27 0.0538561761
33 27 0.0903839457
34 27 -6.84162899
35 27 3.06048598
36 27 7.49809284
37 27 0.0556580688
38 27 0.0339338729
39 27 -0.0148322885
40 27 -1.65630991
41 27 6.34463013
42 27 0.834770446
43 27 0.060510761
44 27 0.0350432366
45 27 0.080461954
46 27 -4.94721861
47 27 4.28845431
48 27 8.40714795
55 27 -0.404560332
56 27 0.448168769
57 27 0.381280338
58 27 -57.5462575
59 27 31.9588189
60 27 9.14891389
1 28 -86.8916021
2 28 -2.3548618
3 28 1.84285471
4 28 -2.95355712e+22
5 28 3.68128214e+24
6 28 3.31144801e+24
7 28 -34.9078832
8 28 1.67059708
9 28 5.85857097
10 28 -5.47598941e+23
11 28 9.1472967e+23
12 28 -3.52366894e+24
13 28 98.1679958
14 28 1.43212169
15 28 -12.5348471
16 28 7.18650063e+23
17 28 -7.18247231e+24
18 28 4.80757856e+24
19 28 200.639142
20 28 -0.866662573
21 28 -4.61281876
22 28 1.08720224e+23
23 28 -6.81616194e+24
24 28 6.00952397e+24
25 28 4.30074583e+20
26 28 -7.72588722e+18
27 28 5.63723057e+20
28 28 8.0522747e+42
29 28 -1.25270699e+44
30 28 1.84450214e+43
31 28 -3.12823479e+20
32 28 -1.01312848e+21
33 28 -1.70027945e+21
34 28 1.28702958e+23
35 28 -5.7573072e+22
36 28 -1.41052186e+23
37 28 -1.55794594e+21
38 28 -9.49855799e+20
39 28 4.15176165e+20
40 28 4.63623937e+22
41 28 -1.77594929e+23
42 28 -2.33663736e+22
43 28 3.43810465e+20
44 28 1.99108907e+20
45 28 4.57169293e+20
46 28 -2.81091413e+22
47 28 2.43661697e+22
48 28 4.7767792e+22
55 28 -1.65523408e+21
56 28 1.83365536e+21
57 28 1.5599854e+21
58 28 -2.35447025e+23
59 28 1.30757571e+23
60 28 3.74322267e+22
1 29 97.5705437
2 29 2.64427333
3 29 -2.06934079
4 29 3.31654806e+22
5 29 -4.13371018e+24
6 29 -3.71842359e+24
7 29 -5.71562095
8 29 0.273534194
9 29 0.959249544
10 29 -8.96607785e+22
11 29 1.49772704e+23
12 29 -5.76945784e+23
13 29 35.0010992
14 29 0.51061278
15 29 -4.46921038
16 29 2.56229558e+23
17 29 -2.56085931e+24
18 29 1.71410787e+24
19 29 172.399033
20 29 -0.744679171
21 29 -3.96356109
22 29 9.34177717e+22
23 29 -5.85678207e+24
24 29 5.163679e+24
25 29 -2.08484428e+23
26 29 -5.88601004e+21
27 29 2.16179375e+22
28 29 -1.25270699e+44
29 29 8.71065987e+45
30 29 1.03007538e+45
31 29 9.29670847e+21
32 29 3.01088657e+22
33 29 5.05301022e+22
34 29 -3.82488515e+24
35 29 1.7109971e+24
36 29 4.19188822e+24
37 29 6.5612365e+22
38 29 4.00028549e+22
39 29 -1.74850034e+22
40 29 -1.95253649e+24
41 29 7.47935019e+24
42 29 9.84066899e+23
43 29 1.25254322e+22
44 29 7.25377894e+21
45 29 1.66552318e+22
46 29 -1.02405011e+24
47 29 8.87689112e+23
48 29 1.74023859e+24
55 29 -2.82835007e+22
56 29 3.13322406e+22
57 29 2.66559567e+22
58 29 -4.02315671e+24
59 29 2.23429537e+24
60 29 6.39616125e+23
1 30 -97.3756238
2 30 -2.63899077
3 30 2.0652068
4 30 -3.30992248e+22
5 30 4.12545213e+24
6 30 3.71099517e+24
7 30 -138.141602
8 30 6.61108425
9 30 23.1842296
10 30 -2.16702326e+24
11 30 3.61987638e+24
12 30 -1.39442793e+25
13 30 -130.835578
14 30 -1.90869201
15 30 16.706096
16 30 -9.57796843e+23
17 30 9.5725996e+24
18 30 -6.40740718e+24
19 30 -126.729752
20 30 0.547410302
21 30 2.91359589
22 30 -6.86709829e+22
23 30 4.3052941e+24
24 30 -3.79579716e+24
25 30 -1.42123491e+22
26 30 -8.30377145e+20
27 30 5.45593546e+21
28 30 1.84450214e+43
29 30 1.03007538e+45
30 30 6.52816812e+44
31 30 -4.29466113e+21
32 30 -1.39089416e+22
33 30 -2.33426343e+22
34 30 1.76692489e+24
35 30 -7.90403697e+23
36 30 -1.9364638e+24
37 30 1.08931528e+22
38 30 6.64138858e+21
39 30 -2.90291036e+21
40 30 -3.24165702e+23
41 30 1.24174315e+24
42 30 1.63377606e+23
43 30 6.07607877e+21
44 30 3.51880331e+21
45 30 8.07944178e+21
46 30 -4.96766022e+23
47 30 4.30617394e+23
48 30 8.44188577e+23
55 30 -1.05133181e+22
56 30 1.16465715e+22
57 30 9.90834042e+21
58 30 -1.49545584e+24
59 30 8.30514522e+23
60 30 2.37753024e+23
1 31 -0.92070198
2 31 -0.0381298275
3 31 0.0367033312
4 31 -2.22256675e+19
5 31 3.34826025e+22
6 31 3.42263931e+22
7 31 -1.24526205
8 31 0.0598767545
9 31 0.0745288511
10 31 -4.79235027e+21
11 31 5.74932839e+22
12 31 -1.26263092e+23
13 31 1.93141115
14 31 0.0359526763
15 31 -0.35075563
16 31 1.79260414e+22
17 31 -1.41685652e+23
18 31 8.41856131e+22
19 31 0.570466695
20 31 0.00987304721
21 31 -0.0395340717
22 31 1.98334178e+21
23 31 -1.11249418e+22
24 31 2.58408333e+22
25 31 -0.467979182
26 31 -0.00806503351
27 31 0.0166291608
28 31 -3.12823479e+20
29 31 9.29670847e+21
30 31 -4.29466113e+21
31 31 14.0059883
32 31 0.177323461
33 31 -0.223405767
34 31 7.9012915e+21
35 31 -2.50470582e+23
36 31 -1.20063316e+23
37 31 -2.33365915
38 31 1.15731337
39 31 -3.03191262
40 31 52.8411572
41 31 -281.302493
42 31 -217.71292
43 31 -1.77023361
44 31 0.752116236
45 31 0.531226225
46 31 -27.2175749
47 31 0.631691334
48 31 -193.827827
49 31 -0.157454514
50 31 0.957231865
51 31 0.218589703
52 31 12.4453952
53 31 30.765155
54 31 -69.1427076
55 31 -0.0719364368
56 31 0.213619039
57 31 -0.973543756
58 31 64.8583679
59 31 -6.75128814
60 31 -72.8479687
61 31 0.0906327637
62 31 1.86052056
63 31 -0.704548827
64 31 121.761251
65 31 82.7932958
66 31 -109.879421
67 31 -0.557558369
68 31 0.818026395
69 31 -0.120935897
70 31 46.5345904
71 31 88.0023675
72 31 -3.04095884
1 32 0.381528437
2 32 0.0158005672
3 32 -0.0152094433
4 32 9.21006402e+18
5 32 -1.387481e+22
6 32 -1.41830283e+22
7 32 -2.27449324
8 32 0.109365955
9 32 0.136128269
10 32 -8.75331283e+21
11 32 1.05012503e+23
12 32 -2.30621778e+23
13 32 -1.97241737
14 32 -0.0367159956
15 32 0.358202602
16 32 -1.83066332e+22
17 32 1.44693812e+23
18 32 -8.59729767e+22
19 32 0.643980014
20 32 0.0111453397
21 32 -0.0446286388
22 32 2.23892557e+21
23 32 -1.25585599e+22
24 32 2.91708181e+22
25 32 -1.51562485
26 32 -0.0261198909
27 32 0.0538561761
28 32 -1.01312848e+21
29 32 3.01088657e+22
30 32 -1.39089416e+22
31 32 0.177323461
32 32 4.41514288
33 32 -0.925926287
34 32 1.68043043e+20
35 32 -6.93576547e+21
36 32 -1.75606688e+21
37 32 -0.0390252787
38 32 0.019353502
39 32 -0.0507020211
40 32 0.883651278
41 32 -4.70416093
42 32 -3.64076622
43 32 -0.0313152751
44 32 0.0133048693
45 32 0.00939734466
46 32 -0.481476479
47 32 0.0111745635
48 32 -3.42879701
49 32 -0.0101071687
50 32 0.0614457073
51 32 0.0140315
52 32 0.798882838
53 32 1.97484724
54 32 -4.43834219
55 32 -0.0021170073
56 32 0.00628656469
57 32 -0.0286502825
58 32 1.9087078
59 32 -0.198682711
60 32 -2.14383264
61 32 0.00409895762
62 32 0.0841439079
63 32 -0.0318639272
64 32 5.50677466
65 32 3.74440982
66 32 -4.969407
67 32 -0.000922240949
68 32 0.00135307347
69 32 -0.000200036522
70 32 0.0769715014
71 32 0.145562136
72 32 -0.00502996085
1 33 -0.058741057
2 33 -0.00243269421
3 33 0.00234168332
4 33 -1.41800412e+18
5 33 2.13619989e+21
6 33 2.18365394e+21
7 33 1.49106247
8 33 -0.0716957377
9 33 -0.0892399897
10 33 5.73830513e+21
11 33 -6.88417973e+22
12 33 1.51185975e+23
13 33 1.04352757
14 33 0.0194249728
15 33 -0.189510748
16 33 9.68531144e+21
17 33 -7.65517402e+22
18 33 4.54848822e+22
19 33 -0.50475855
20 33 -0.00873583863
21 33 0.0349804132
22 33 -1.75489425e+21
23 33 9.84353604e+21
24 33 -2.2864405e+22
25 33 -2.54359228
26 33 -0.0438356186
27 33 0.0903839457
28 33 -1.70027945e+21
29 33 5.05301022e+22
30 33 -2.33426343e+22
31 33 -0.223405767
32 33 -0.925926287
33 33 3.57886883
34 33 2.95873822e+20
35 33 1.04843411e+22
36 33 -9.65526031e+20
37 33 0.0776685443
38 33 -0.0385175551
39 33 0.100907727
40 33 -1.75865261
41 33 9.36227348
42 33 7.24589347
43 33 0.116169912
44 33 -0.0493569191
45 33 -0.0348612203
46 33 1.7861277
47 33 -0.0414541484
48 33 12.7197684
49 33 0.0133034071
50 33 -0.0808769777
51 33 -0.0184687485
52 33 -1.05151739
53 33 -2.59936265
54 33 5.84190041
55 33 0.00167246814
56 33 -0.00496648224
57 33 0.0226341613
58 33 -1.50790835
59 33 0.15696238
60 33 1.69366057
61 33 -0.00730246614
62 33 -0.149905926
63 33 0.0567669322
64 33 -9.81055167
65 33 -6.67082427
66 33 8.85320848
67 33 -0.0408271364
68 33 0.0598998725
69 33 -0.00885551479
70 33 3.40748911
71 33 6.44396151
72 33 -0.222673801
1 34 13.3782155
2 34 0.55404361
3 34 -0.533315974
4 34 3.22948984e+20
5 34 -4.86517332e+23
6 34 -4.97324946e+23
7 34 45.0261489
8 34 -2.16502194
9 34 -2.69481202
10 34 1.73281661e+23
11 34 -2.07884048e+24
12 34 4.56541719e+24
13 34 179.260859
14 34 3.33689057
15 34 -32.554827
16 34 1.66377707e+24
17 34 -1.31503288e+25
18 34 7.81355403e+24
19 34 74.5987742
20 34 1.29107839
21 34 -5.16979048
22 34 2.59357588e+23
23 34 -1.4547861e+24
24 34 3.37915343e+24
25 34 192.537674
26 34 3.31814502
27 34 -6.84162899
28 34 1.28702958e+23
29 34 -3.82488515e+24
30 34 1.76692489e+24
31 34 7.9012915e+21
32 34 1.68043043e+20
33 34 2.95873822e+20
34 34 6.06327402e+43
35 34 -2.72795496e+44
36 34 -4.12020832e+43
37 34 -2.24902447e+21
38 34 1.11534116e+21
39 34 -2.92195443e+21
40 34 5.092477e+22
41 34 -2.71100512e+23
42 34 -2.09817138e+23
43 34 2.05267845e+21
44 34 -8.72118111e+20
45 34 -6.1598459e+20
46 34 3.15602016e+22
47 34 -7.32479138e+20
48 34 2.24753502e+23
49 34 -7.08760079e+20
50 34 4.30884904e+21
51 34 9.83951817e+20
52 34 5.60212536e+22
53 34 1.38485161e+23
54 34 -3.11236494e+23
55 34 3.78439755e+19
56 34 -1.12379679e+20
57 34 5.12157229e+20
58 34 -3.4120379e+22
59 34 3.55168527e+21
60 34 3.83235099e+22
61 34 -1.36142082e+20
62 34 -2.79474146e+21
63 34 1.05832306e+21
64 34 -1.82901078e+23
65 34 -1.24366192e+23
66 34 1.6505304e+23
67 34 -3.03428607e+21
68 34 4.45177802e+21
69 34 -6.58144741e+20
70 34 2.532457e+23
71 34 4.78917316e+23
72 34 -1.65491894e+22
1 35 54.806279
2 35 2.26973984
3 35 -2.18482533
4 35 1.32301891e+21
5 35 -1.99310623e+24
6 35 -2.03738157e+24
7 35 -191.194897
8 35 9.19335002
9 35 11.4430019
10 35 -7.35807307e+23
11 35 8.82739699e+24
12 35 -1.93861676e+25
13 35 -115.113869
14 35 -2.14281236
15 35 20.9053561
16 35 -1.06840845e+24
17 35 8.44459432e+24
18 35 -5.01753947e+24
19 35 45.92569
20 35 0.794834317
21 35 -3.18270907
22 35 1.59669865e+23
23 35 -8.95618677e+23
24 35 2.08032846e+24
25 35 -86.1284429
26 35 -1.48431555
27 35 3.06048598
28 35 -5.7573072e+22
29 35 1.7109971e+24
30 35 -7.90403697e+23
31 35 -2.50470582e+23
32 35 -6.93576547e+21
33 35 1.04843411e+22
34 35 -2.72795496e+44
35 35 7.61902708e+45
36 35 1.81370052e+45
37 35 7.46230148e+22
38 35 -3.70072095e+22
39 35 9.69509455e+22
40 35 -1.68969254e+24
41 35 8.99516115e+24
42 35 6.96176838e+24
43 35 7.57213143e+21
44 35 -3.217159e+21
45 35 -2.27230732e+21
46 35 1.16422518e+23
47 35 -2.70204439e+21
48 35 8.29093839e+23
49 35 4.31733263e+21
50 35 -2.62468713e+22
51 35 -5.99363228e+21
52 35 -3.41247192e+23
53 35 -8.43566845e+23
54 35 1.89586224e+24
55 35 -1.89356486e+20
56 35 5.62304061e+20
57 35 -2.56263492e+21
58 35 1.70725062e+23
59 35 -1.77712472e+22
60 35 -1.91755889e+23
61 35 -2.97634904e+21
62 35 -6.10988603e+22
63 35 2.31371431e+22
64 35 -3.99859793e+24
65 35 -2.71890359e+24
66 35 3.6084027e+24
67 35 1.37983882e+22
68 35 -2.02444199e+22
69 35 2.9929072e+21
70 35 -1.15163251e+24
71 35 -2.17787212e+24
72 35 7.52572875e+22
1 36 -81.0908614
2 36 -3.35828599
3 36 3.23264727
4 36 -1.9575265e+21
5 36 2.94898147e+24
6 36 3.01449086e+24
7 36 -163.7222
8 36 7.87236226
9 36 9.7987628
10 36 -6.30079531e+23
11 36 7.55899283e+24
12 36 -1.66005791e+25
13 36 -42.3945527
14 36 -0.789162698
15 36 7.69910026
16 36 -3.93477334e+23
17 36 3.11000579e+24
18 36 -1.84787761e+24
19 36 -4.51274743
20 36 -0.0781019625
21 36 0.31273917
22 36 -1.56894708e+22
23 36 8.80052293e+22
24 36 -2.04417112e+23
25 36 -211.011932
26 36 -3.63652566
27 36 7.49809284
28 36 -1.41052186e+23
29 36 4.19188822e+24
30 36 -1.9364638e+24
31 36 -1.20063316e+23
32 36 -1.75606688e+21
33 36 -9.65526031e+20
34 36 -4.12020832e+43
35 36 1.81370052e+45
36 36 1.09194924e+46
37 36 -3.00800354e+22
38 36 1.49173573e+22
39 36 -3.90802741e+22
40 36 6.811037e+23
41 36 -3.62588896e+24
42 36 -2.80624201e+24
43 36 3.33205362e+22
44 36 -1.41568413e+22
45 36 -9.99909987e+21
46 36 5.12307633e+23
47 36 -1.18901222e+22
48 36 3.64835866e+24
49 36 -5.10857585e+21
50 36 3.10571699e+22
51 36 7.09209313e+21
52 36 4.03788012e+23
53 36 9.98168448e+23
54 36 -2.2433194e+24
55 36 1.38806333e+21
56 36 -4.12192718e+21
57 36 1.87852005e+22
58 36 -1.25148709e+24
59 36 1.30270777e+23
60 36 1.40565197e+24
61 36 -3.36035269e+21
62 36 -6.89817346e+22
63 36 2.61222592e+22
64 36 -4.51449045e+24
65 36 -3.06969205e+24
66 36 4.07395287e+24
67 36 4.11262287e+22
68 36 -6.03386883e+22
69 36 8.9203887e+21
70 36 -3.43245177e+24
71 36 -6.49116881e+24
72 36 2.2430507e+23
13 37 0.448156664
14 37 0.250814646
15 37 0.0658385604
16 37 2.44526669e+22
17 37 -4.03410326e+22
18 37 -1.2766133e+22
25 37 -0.830176673
26 37 -0.0289528083
27 37 0.0556580688
28 37 -1.55794594e+21
29 37 6.5612365e+22
30 37 1.08931528e+22
31 37 -2.33365915
32 37 -0.0390252787
33 37 0.0776685443
34 37 -2.24902447e+21
35 37 7.46230148e+22
36 37 -3.00800354e+22
37 37 11.2390032
38 37 0.0958770173
39 37 1.82962176
40 37 -4.02921472e+22
41 37 -5.07708772e+23
42 37 -4.30825459e+22
43 37 -1.73685716
44 37 -0.792545648
45 37 -0.592069121
46 37 -13.1726743
47 37 151.593855
48 37 -119.810293
49 37 -0.823846262
50 37 1.93886991
51 37 -2.11711489
52 37 177.469922
53 37 186.820461
54 37 -148.328742
55 37 0.130318985
56 37 -0.656172953
57 37 -0.742736214
58 37 37.5705156
59 37 20.9632477
60 37 -62.4917782
61 37 0.605224169
62 37 0.329865443
63 37 -0.724170374
64 37 74.4924818
65 37 37.7521142
66 37 -23.3884389
67 37 0.0815461065
68 37 0.93699689
69 37 0.327682771
70 37 -53.9072826
71 37 -31.7932632
72 37 -59.5234326
73 37 0.52875901
74 37 0.642556797
75 37 0.510072417
76 37 -85.1491201
77 37 -33.0859826
78 37 -32.9861211
13 38 0.531667762
14 38 0.297552334
15 38 0.0781071506
16 38 2.90092634e+22
17 38 -4.78583234e+22
18 38 -1.51450194e+22
25 38 -0.506146014
26 38 -0.0176520842
27 38 0.0339338729
28 38 -9.49855799e+20
29 38 4.00028549e+22
30 38 6.64138858e+21
31 38 1.15731337
32 38 0.019353502
33 38 -0.0385175551
34 38 1.11534116e+21
35 38 -3.70072095e+22
36 38 1.49173573e+22
37 38 0.0958770173
38 38 1.00642071
39 38 -0.661800049
40 38 5.75314281e+21
41 38 1.56369729e+22
42 38 -2.00027909e+22
43 38 -0.00132098528
44 38 -0.000602779064
45 38 -0.000450304498
46 38 -0.0100186183
47 38 0.115296327
48 38 -0.091122999
49 38 -0.0479453828
50 38 0.112836416
51 38 -0.12320974
52 38 10.3282175
53 38 10.8723908
54 38 -8.63228812
55 38 0.000840507246
56 38 -0.00423206274
57 38 -0.00479036242
58 38 0.242315351
59 38 0.135204871
60 38 -0.403047893
61 38 0.00447052567
62 38 0.00243657145
63 38 -0.00534912916
64 38 0.550243314
65 38 0.278858321
66 38 -0.172760147
67 38 2.7380182e-05
68 38 0.000314609077
69 38 0.000110023817
70 38 -0.0181000819
71 38 -0.0106750079
72 38 -0.0199857784
73 38 -0.0873352353
74 38 -0.106131239
75 38 -0.0842487668
76 38 14.0640978
77 38 5.4648186
78 38 5.44832445
13 39 0.515423035
14 39 0.288460836
15 39 0.0757206426
16 39 2.81229061e+22
17 39 -4.63960466e+22
18 39 -1.46822742e+22
25 39 0.22123333
26 39 0.00771561813
27 39 -0.0148322885
28 39 4.15176165e+20
29 39 -1.74850034e+22
30 39 -2.90291036e+21
31 39 -3.03191262
32 39 -0.0507020211
33 39 0.100907727
34 39 -2.92195443e+21
35 39 9.69509455e+22
36 39 -3.90802741e+22
37 39 1.82962176
38 39 -0.661800049
39 39 2.75457611
40 39 -5.27018643e+21
41 39 -1.43025534e+22
42 39 2.46551743e+22
43 39 0.0592563353
44 39 0.0270392706
45 39 0.0201996153
46 39 0.449411976
47 39 -5.17192579
48 39 4.08756637
49 39 0.0614787742
50 39 -0.144686394
51 39 0.157987763
52 39 -13.2435307
53 39 -13.9413061
54 39 11.0688968
55 39 -0.00358311191
56 39 0.0180414321
57 39 0.0204214832
58 39 -1.03299885
59 39 -0.576383114
60 39 1.71820732
61 39 0.0123356535
62 39 0.00672330356
63 39 -0.01476001
64 39 1.51830262
65 39 0.769462
66 39 -0.476702175
67 39 0.00732810793
68 39 0.084202847
69 39 0.0294470799
70 39 -4.84435617
71 39 -2.85708875
72 39 -5.34904923
73 39 0.0791977265
74 39 0.0962424023
75 39 0.0763988414
76 39 -12.7536677
77 39 -4.95563111
78 39 -4.94067381
13 40 25.3135451
14 40 14.1669384
15 40 3.71880527
16 40 1.38117702e+24
17 40 -2.27861065e+24
18 40 -7.21078385e+23
25 40 24.7049508
26 40 0.861596968
27 40 -1.65630991
28 40 4.63623937e+22
29 40 -1.95253649e+24
30 40 -3.24165702e+23
31 40 52.8411572
32 40 0.883651278
33 40 -1.75865261
34 40 5.092477e+22
35 40 -1.68969254e+24
36 40 6.811037e+23
37 40 -4.02921472e+22
38 40 5.75314281e+21
39 40 -5.27018643e+21
40 40 1.30901184e+45
41 40 5.13778607e+45
42 40 -3.28925714e+45
43 40 1.50090844e+21
44 40 6.84879842e+20
45 40 5.11637666e+20
46 40 1.13831918e+22
47 40 -1.31000121e+23
48 40 1.03534294e+23
49 40 2.99285034e+20
50 40 -7.04348339e+20
51 40 7.69100778e+20
52 40 -6.4470878e+22
53 40 -6.78677209e+22
54 40 5.38845348e+22
55 40 -6.93498157e+19
56 40 3.49185295e+20
57 40 3.95250312e+20
58 40 -1.99933136e+22
59 40 -1.11556836e+22
60 40 3.3255272e+22
61 40 -7.45412832e+19
62 40 -4.06272497e+19
63 40 8.91910662e+19
64 40 -9.17472478e+21
65 40 -4.64966732e+21
66 40 2.88059257e+21
67 40 -1.2998491e+20
68 40 -1.49357783e+21
69 40 -5.22328012e+20
70 40 8.59284838e+22
71 40 5.06786239e+22
72 40 9.48806557e+22
73 40 -1.95651783e+22
74 40 -2.3775932e+22
75 40 -1.88737356e+22
76 40 3.15069376e+24
77 40 1.22424987e+24
78 40 1.22055478e+24
13 41 38.1109144
14 41 21.3290938
15 41 5.59886295
16 41 2.07943688e+24
17 41 -3.43057187e+24
18 41 -1.0856226e+24
25 41 -94.6343279
26 41 -3.30041742
27 41 6.34463013
28 41 -1.77594929e+23
29 41 7.47935019e+24
30 41 1.24174315e+24
31 41 -281.302493
32 41 -4.70416093
33 41 9.36227348
34 41 -2.71100512e+23
35 41 8.99516115e+24
36 41 -3.62588896e+24
37 41 -5.07708772e+23
38 41 1.56369729e+22
39 41 -1.43025534e+22
40 41 5.13778607e+45
41 41 3.77665893e+46
42 41 -6.77103986e+45
43 41 1.01312313e+23
44 41 4.62298423e+22
45 41 3.45358809e+22
46 41 7.68372975e+23
47 41 -8.8425948e+24
48 41 6.98863336e+24
49 41 2.49671757e+22
50 41 -5.87586638e+22
51 41 6.41604893e+22
52 41 -5.37833687e+24
53 41 -5.66171079e+24
54 41 4.49519519e+24
55 41 -8.01516357e+21
56 41 4.03573856e+22
57 41 4.56813888e+22
58 41 -2.31074411e+24
59 41 -1.28932756e+24
60 41 3.84350617e+24
61 41 -2.35671065e+22
62 41 -1.28447845e+22
63 41 2.81988084e+22
64 41 -2.90069753e+24
65 41 -1.4700472e+24
66 41 9.10733343e+23
67 41 -5.70967373e+21
68 41 -6.56064005e+22
69 41 -2.29436057e+22
70 41 3.77446586e+24
71 41 2.2260923e+24
72 41 4.16769597e+24
73 41 -7.28441686e+22
74 41 -8.85214525e+22
75 41 -7.02698213e+22
76 41 1.17305176e+25
77 41 4.55807059e+24
78 41 4.54431322e+24
13 42 -18.8129982
14 42 -10.5288527
15 42 -2.76381189
16 42 -1.02648921e+24
17 42 1.69346087e+24
18 42 5.35904644e+23
25 42 -12.4511498
26 42 -0.434239801
27 42 0.834770446
28 42 -2.33663736e+22
29 42 9.84066899e+23
30 42 1.63377606e+23
31 42 -217.71292
32 42 -3.64076622
33 42 7.24589347
34 42 -2.09817138e+23
35 42 6.96176838e+24
36 42 -2.80624201e+24
37 42 -4.30825459e+22
38 42 -2.00027909e+22
39 42 2.46551743e+22
40 42 -3.28925714e+45
41 42 -6.77103986e+45
42 42 1.43196378e+46
43 42 4.62515211e+22
44 42 2.11050412e+22
45 42 1.57664649e+22
46 42 3.50780847e+23
47 42 -4.0368584e+24
48 42 3.19048016e+24
49 42 2.34816922e+22
50 42 -5.52626727e+22
51 42 6.03431033e+22
52 42 -5.0583395e+24
53 42 -5.3248534e+24
54 42 4.2277425e+24
55 42 -4.40243036e+21
56 42 2.21668065e+22
57 42 2.50910829e+22
58 42 -1.26920555e+24
59 42 -7.08179534e+23
60 42 2.11109457e+24
61 42 1.21981005e+22
62 42 6.64833302e+21
63 42 -1.45954234e+22
64 42 1.50137226e+24
65 42 7.60881846e+23
66 42 -4.71386541e+23
67 42 1.46778614e+21
68 42 1.6865441e+22
69 42 5.89811397e+21
70 42 -9.70302148e+23
71 42 -5.7226167e+23
72 42 -1.07138983e+24
73 42 5.02969198e+22
74 42 6.11216585e+22
75 42 4.85194029e+22
76 42 -8.09960375e+24
77 42 -3.14722394e+24
78 42 -3.13772485e+24
19 43 2.04724127
20 43 0.119673368
21 43 -0.246544898
22 43 1.44669247e+22
23 43 -6.15312028e+22
24 43 9.02620137e+22
25 43 -0.564234685
26 43 -0.0138660573
27 43 0.060510761
28 43 3.43810465e+20
29 43 1.25254322e+22
30 43 6.07607877e+21
31 43 -1.77023361
32 43 -0.0313152751
33 43 0.116169912
34 43 2.05267845e+21
35 43 7.57213143e+21
36 43 3.33205362e+22
37 43 -1.73685716
38 43 -0.00132098528
39 43 0.0592563353
40 43 1.50090844e+21
41 43 1.01312313e+23
42 43 4.62515211e+22
43 43 13.0791875
44 43 0.787195621
45 43 -0.805327067
46 43 4.6532668e+22
47 43 -3.45539539e+23
48 43 -1.62814658e+23
49 43 -0.545593835
50 43 1.8840193
51 43 -0.380445167
52 43 53.0654148
53 43 40.5101722
54 43 -154.172189
55 43 0.00157919612
56 43 -0.228606818
57 43 -0.973498829
58 43 70.4983826
59 43 -22.0586254
60 43 -67.1218214
61 43 0.823354882
62 43 1.37671272
63 43 -1.1888008
64 43 153.099642
65 43 45.8034592
66 43 -98.055567
67 43 -0.196275232
68 43 0.958788276
69 43 0.16299156
70 43 -62.7303882
71 43 -76.3107885
72 43 -8.49491189
73 43 0.859326157
74 43 0.954500604
75 43 1.48272959
76 43 -107.989682
77 43 -103.038473
78 43 -13.9522183
19 44 0.964821611
20 44 0.0563995331
21 44 -0.116191408
22 44 6.81795632e+21
23 44 -2.89983575e+22
24 44 4.25385824e+22
25 44 -0.326761873
26 44 -0.00803016718
27 44 0.0350432366
28 44 1.99108907e+20
29 44 7.25377894e+21
30 44 3.51880331e+21
31 44 0.752116236
32 44 0.0133048693
33 44 -0.0493569191
34 44 -8.72118111e+20
35 44 -3.217159e+21
36 44 -1.41568413e+22
37 44 -0.792545648
38 44 -0.000602779064
39 44 0.0270392706
40 44 6.84879842e+20
41 44 4.62298423e+22
42 44 2.11050412e+22
43 44 0.787195621
44 44 1.0401336
45 44 0.14733727
46 44 -7.48201015e+20
47 44 3.42379371e+21
48 44 4.65401614e+21
49 44 -0.00242923181
50 44 0.00838851047
51 44 -0.00169391485
52 44 0.236271353
53 44 0.180369704
54 44 -0.68644468
55 44 5.5038687e-06
56 44 -0.000796748354
57 44 -0.00339287165
58 44 0.245703391
59 44 -0.0768794811
60 44 -0.233935284
61 44 0.00438826411
62 44 0.00733751526
63 44 -0.00633599434
64 44 0.815980665
65 44 0.244120343
66 44 -0.52261028
67 44 -0.00104134035
68 44 0.00508686151
69 44 0.000864753474
70 44 -0.332816749
71 44 -0.404867709
72 44 -0.0450698464
73 44 -0.0185538872
74 44 -0.0206088182
75 44 -0.0320139185
76 44 2.33162735
77 44 2.22472478
78 44 0.301245205
19 45 -1.92859586
20 45 -0.112737842
21 45 0.232256684
22 45 -1.36285114e+22
23 45 5.79652359e+22
24 45 -8.50309872e+22
25 45 -0.750270275
26 45 -0.0184378786
27 45 0.080461954
28 45 4.57169293e+20
29 45 1.66552318e+22
30 45 8.07944178e+21
31 45 0.531226225
32 45 0.00939734466
33 45 -0.0348612203
34 45 -6.1598459e+20
35 45 -2.27230732e+21
36 45 -9.99909987e+21
37 45 -0.592069121
38 45 -0.000450304498
39 45 0.0201996153
40 45 5.11637666e+20
41 45 3.45358809e+22
42 45 1.57664649e+22
43 45 -0.805327067
44 45 0.14733727
45 45 2.88067886
46 45 7.73546362e+21
47 45 -4.55730317e+22
48 45 -4.99564617e+22
49 45 0.0243952961
50 45 -0.0842407036
51 45 0.0170109556
52 45 -2.37272935
53 45 -1.81134313
54 45 6.89354601
55 45 7.78692744e-06
56 45 -0.00112724739
57 45 -0.00480026809
58 45 0.347623568
59 45 -0.108769844
60 45 -0.330973934
61 45 0.0477148143
62 45 0.079782841
63 45 -0.0688930259
64 45 8.87238437
65 45 2.65438828
66 45 -5.6824867
67 45 -0.0247143243
68 45 0.120727431
69 45 0.0205233551
70 45 -7.89880183
71 45 -9.60880068
72 45 -1.06965105
73 45 0.16977921
74 45 0.188583063
75 45 0.29294658
76 45 -21.3357906
77 45 -20.3575678
78 45 -2.75657454
19 46 244.404135
20 46 14.2868681
21 46 -29.4330685
22 46 1.72709307e+24
23 46 -7.34572941e+24
24 46 1.07756764e+25
25 46 46.1305112
26 46 1.13365649
27 46 -4.94721861
28 46 -2.81091413e+22
29 46 -1.02405011e+24
30 46 -4.96766022e+23
31 46 -27.2175749
32 46 -0.481476479
33 46 1.7861277
34 46 3.15602016e+22
35 46 1.16422518e+23
36 46 5.12307633e+23
37 46 -13.1726743
38 46 -0.0100186183
39 46 0.449411976
40 46 1.13831918e+22
41 46 7.68372975e+23
42 46 3.50780847e+23
43 46 4.6532668e+22
44 46 -7.48201015e+20
45 46 7.73546362e+21
46 46 7.37697432e+44
47 46 -4.00646008e+45
48 46 -3.97048655e+45
49 46 -1.13843321e+21
50 46 3.93118471e+21
51 46 -7.93834877e+20
52 46 1.10726014e+23
53 46 8.45283114e+22
54 46 -3.21694876e+23
55 46 -3.16362395e+16
56 46 4.57970985e+18
57 46 1.95022275e+19
58 46 -1.41230319e+21
59 46 4.41903287e+20
60 46 1.3446601e+21
61 46 3.47969941e+20
62 46 5.81832518e+20
63 46 -5.02416337e+20
64 46 6.4703659e+22
65 46 1.93576638e+22
66 46 -4.14406845e+22
67 46 -9.3298626e+20
68 46 4.55756073e+21
69 46 7.74773692e+20
70 46 -2.98186326e+23
71 46 -3.62740202e+23
72 46 -4.03802151e+22
73 46 1.64658262e+22
74 46 1.82894945e+22
75 46 2.84110608e+22
76 46 -2.06922519e+24
77 46 -1.97435347e+24
78 46 -2.67342963e+23
19 47 93.8735569
20 47 5.48746496
21 47 -11.3049921
22 47 6.6336181e+23
23 47 -2.82143241e+24
24 47 4.13884597e+24
25 47 -39.9878406
26 47 -0.982700469
27 47 4.28845431
28 47 2.43661697e+22
29 47 8.87689112e+23
30 47 4.30617394e+23
31 47 0.631691334
32 47 0.0111745635
33 47 -0.0414541484
34 47 -7.32479138e+20
35 47 -2.70204439e+21
36 47 -1.18901222e+22
37 47 151.593855
38 47 0.115296327
39 47 -5.17192579
40 47 -1.31000121e+23
41 47 -8.8425948e+24
42 47 -4.0368584e+24
43 47 -3.45539539e+23
44 47 3.42379371e+21
45 47 -4.55730317e+22
46 47 -4.00646008e+45
47 47 2.53197357e+46
48 47 2.06425363e+46
49 47 1.12823323e+22
50 47 -3.89596262e+22
51 47 7.86722382e+21
52 47 -1.09733946e+24
53 47 -8.37709661e+23
54 47 3.18812598e+24
55 47 1.23507599e+19
56 47 -1.78791468e+21
57 47 -7.61365241e+21
58 47 5.51361917e+23
59 47 -1.72518653e+23
60 47 -5.24954116e+23
61 47 -3.52182696e+22
62 47 -5.88876567e+22
63 47 5.08498921e+22
64 47 -6.54870042e+24
65 47 -1.95920205e+24
66 47 4.19423929e+24
67 47 6.39563161e+21
68 47 -3.12421315e+22
69 47 -5.31108262e+21
70 47 2.04407072e+24
71 47 2.48658828e+24
72 47 2.76806842e+23
73 47 -8.69824369e+22
74 47 -9.66161543e+22
75 47 -1.5008438e+23
76 47 1.0930897e+25
77 47 1.04297273e+25
78 47 1.41226697e+24
19 48 -70.4161852
20 48 -4.11624276
21 48 8.48007093
22 48 -4.97599214e+23
23 48 2.11640545e+24
24 48 -3.10462024e+24
25 48 -78.3927421
26 48 -1.92650024
27 48 8.40714795
28 48 4.7767792e+22
29 48 1.74023859e+24
30 48 8.44188577e+23
31 48 -193.827827
32 48 -3.42879701
33 48 12.7197684
34 48 2.24753502e+23
35 48 8.29093839e+23
36 48 3.64835866e+24
37 48 -119.810293
38 48 -0.091122999
39 48 4.08756637
40 48 1.03534294e+23
41 48 6.98863336e+24
42 48 3.19048016e+24
43 48 -1.62814658e+23
44 48 4.65401614e+21
45 48 -4.99564617e+22
46 48 -3.97048655e+45
47 48 2.06425363e+46
48 48 2.77592822e+46
49 48 -2.43372632e+22
50 48 8.40403074e+22
51 48 -1.6970489e+22
52 48 2.36708498e+24
53 48 1.80703421e+24
54 48 -6.87714727e+24
55 48 -2.31376685e+18
56 48 3.34944387e+20
57 48 1.42632653e+21
58 48 -1.03291047e+23
59 48 3.2319302e+22
60 48 9.83438619e+22
61 48 -2.76550761e+21
62 48 -4.62414152e+21
63 48 3.99297765e+21
64 48 -5.14235397e+23
65 48 -1.53845951e+23
66 48 3.29351805e+23
67 48 7.1400724e+21
68 48 -3.48786632e+22
69 48 -5.92928373e+21
70 48 2.28199712e+24
71 48 2.77602299e+24
72 48 3.09026694e+23
73 48 -9.2846335e+22
74 48 -1.03129507e+23
75 48 -1.60202278e+23
76 48 1.16678005e+25
77 48 1.11328446e+25
78 48 1.50747457e+24
31 49 -0.157454514
32 49 -0.0101071687
33 49 0.0133034071
34 49 -7.08760079e+20
35 49 4.31733263e+21
36 49 -5.10857585e+21
37 49 -0.823846262
38 49 -0.0479453828
39 49 0.0614787742
40 49 2.99285034e+20
41 49 2.49671757e+22
42 49 2.34816922e+22
43 49 -0.545593835
44 49 -0.00242923181
45 49 0.0243952961
46 49 -1.13843321e+21
47 49 1.12823323e+22
48 49 -2.43372632e+22
49 49 4.64457673
50 49 -1.5734348
51 49 0.634138108
52 49 -7.55516915e+21
53 49 1.50668942e+23
54 49 1.09802671e+23
55 49 -1.68283015
56 49 -1.03857752
57 49 -0.280469695
58 49 47.885352
59 49 -132.181634
60 49 -138.85155
61 49 -0.819891666
62 49 -0.340313144
63 49 -1.78417461
64 49 107.505103
65 49 -48.5192038
66 49 -160.224605
31 50 0.957231865
32 50 0.0614457073
33 50 -0.0808769777
34 50 4.30884904e+21
35 50 -2.62468713e+22
36 50 3.10571699e+22
37 50 1.93886991
38 50 0.112836416
39 50 -0.144686394
40 50 -7.04348339e+20
41 50 -5.87586638e+22
42 50 -5.52626727e+22
43 50 1.8840193
44 50 0.00838851047
45 50 -0.0842407036
46 50 3.93118471e+21
47 50 -3.89596262e+22
48 50 8.40403074e+22
49 50 -1.5734348
50 50 4.38592389
51 50 -1.16504561
52 50 1.20041987e+20
53 50 -9.90187665e+20
54 50 -1.62424627e+21
55 50 0.00350905537
56 50 0.00216565292
57 50 0.000584838399
58 50 -0.0998510465
59 50 0.275626552
60 50 0.289534732
61 50 0.0142848111
62 50 0.0059292089
63 50 0.031085323
64 50 -1.87304024
65 50 0.845340535
66 50 2.79156174
31 51 0.218589703
32 51 0.0140315
33 51 -0.0184687485
34 51 9.83951817e+20
35 51 -5.99363228e+21
36 51 7.09209313e+21
37 51 -2.11711489
38 51 -0.12320974
39 51 0.157987763
40 51 7.69100778e+20
41 51 6.41604893e+22
42 51 6.03431033e+22
43 51 -0.380445167
44 51 -0.00169391485
45 51 0.0170109556
46 51 -7.93834877e+20
47 51 7.86722382e+21
48 51 -1.6970489e+22
49 51 0.634138108
50 51 -1.16504561
51 51 1.96949938
52 51 -6.04855688e+20
53 51 9.20204329e+21
54 51 8.54535682e+21
55 51 -0.0873933896
56 51 -0.0539358118
57 51 -0.0145654613
58 51 2.48680072
59 51 -6.864508
60 51 -7.21089269
61 51 -0.0682021775
62 51 -0.0283087369
63 51 -0.148415454
64 51 8.942745
65 51 -4.03603974
66 51 -13.3281839
31 52 12.4453952
32 52 0.798882838
33 52 -1.05151739
34 52 5.60212536e+22
35 52 -3.41247192e+23
36 52 4.03788012e+23
37 52 177.469922
38 52 10.3282175
39 52 -13.2435307
40 52 -6.4470878e+22
41 52 -5.37833687e+24
42 52 -5.0583395e+24
43 52 53.0654148
44 52 0.236271353
45 52 -2.37272935
46 52 1.10726014e+23
47 52 -1.09733946e+24
48 52 2.36708498e+24
49 52 -7.55516915e+21
50 52 1.20041987e+20
51 52 -6.04855688e+20
52 52 2.35698284e+43
53 52 -1.91311542e+44
54 52 -3.18648572e+44
55 52 6.37554071e+20
56 52 3.93473654e+20
57 52 1.06258256e+20
58 52 -1.81417602e+22
59 52 5.00781013e+22
60 52 5.26050541e+22
61 52 2.80755834e+21
62 52 1.16533567e+21
63 52 6.10955631e+21
64 52 -3.68130156e+23
65 52 1.66144505e+23
66 52 5.48657759e+23
31 53 30.765155
32 53 1.97484724
33 53 -2.59936265
34 53 1.38485161e+23
35 53 -8.43566845e+23
36 53 9.98168448e+23
37 53 186.820461
38 53 10.8723908
39 53 -13.9413061
40 53 -6.78677209e+22
41 53 -5.66171079e+24
42 53 -5.3248534e+24
43 53 40.5101722
44 53 0.180369704
45 53 -1.81134313
46 53 8.45283114e+22
47 53 -8.37709661e+23
48 53 1.80703421e+24
49 53 1.50668942e+23
50 53 -9.90187665e+20
51 53 9.20204329e+21
52 53 -1.91311542e+44
53 53 6.67477182e+45
54 53 3.02563544e+45
55 53 -8.99316564e+22
56 53 -5.55023317e+22
57 53 -1.49885027e+22
58 53 2.55902774e+24
59 53 -7.06388181e+24
60 53 -7.42032695e+24
61 53 -1.81990568e+22
62 53 -7.55389826e+21
63 53 -3.9603153e+22
64 53 2.38628047e+24
65 53 -1.07697612e+24
66 53 -3.5564902e+24
31 54 -69.1427076
32 54 -4.43834219
33 54 5.84190041
34 54 -3.11236494e+23
35 54 1.89586224e+24
36 54 -2.2433194e+24
37 54 -148.328742
38 54 -8.63228812
39 54 11.0688968
40 54 5.38845348e+22
41 54 4.49519519e+24
42 54 4.2277425e+24
43 54 -154.172189
44 54 -0.68644468
45 54 6.89354601
46 54 -3.21694876e+23
47 54 3.18812598e+24
48 54 -6.87714727e+24
49 54 1.09802671e+23
50 54 -1.62424627e+21
51 54 8.54535682e+21
52 54 -3.18648572e+44
53 54 3.02563544e+45
54 54 4.34558494e+45
55 54 -1.58875903e+22
56 54 -9.80520479e+21
57 54 -2.64791288e+21
58 54 4.5208535e+23
59 54 -1.24792609e+24
60 54 -1.31089673e+24
61 54 -3.75627856e+22
62 54 -1.55912179e+22
63 54 -8.17407606e+22
64 54 4.92527402e+24
65 54 -2.22287471e+24
66 54 -7.34058256e+24
1 55 0.179266907
2 55 0.00315515357
3 55 4.70973993e-05
4 55 1.66513208e+20
5 55 -9.33542488e+21
6 55 -8.39979877e+21
25 55 1.64993451
26 55 0.0538209062
27 55 -0.404560332
28 55 -1.65523408e+21
29 55 -2.82835007e+22
30 55 -1.05133181e+22
31 55 -0.0719364368
32 55 -0.0021170073
33 55 0.00167246814
34 55 3.78439755e+19
35 55 -1.89356486e+20
36 55 1.38806333e+21
37 55 0.130318985
38 55 0.000840507246
39 55 -0.00358311191
40 55 -6.93498157e+19
41 55 -8.01516357e+21
42 55 -4.40243036e+21
43 55 0.00157919612
44 55 5.5038687e-06
45 55 7.78692744e-06
46 55 -3.16362395e+16
47 55 1.23507599e+19
48 55 -2.31376685e+18
49 55 -1.68283015
50 55 0.00350905537
51 55 -0.0873933896
52 55 6.37554071e+20
53 55 -8.99316564e+22
54 55 -1.58875903e+22
55 55 5.41574829
56 55 -0.243028396
57 55 -0.63314662
58 55 5.73020438e+21
59 55 1.19794755e+23
60 55 -1.87017731e+22
61 55 -1.68295719
62 55 0.042732187
63 55 -1.0764104
64 55 50.2320749
65 55 92.2668253
66 55 -168.123367
67 55 0.337667433
68 55 0.223849726
69 55 -0.904513054
70 55 50.9297189
71 55 51.5828391
72 55 -24.0263461
1 56 0.571300809
2 56 0.0100550727
3 56 0.000150093416
4 56 5.30656397e+20
5 56 -2.97508106e+22
6 56 -2.67690893e+22
25 56 -1.82778454
26 56 -0.0596223786
27 56 0.448168769
28 56 1.83365536e+21
29 56 3.13322406e+22
30 56 1.16465715e+22
31 56 0.213619039
32 56 0.00628656469
33 56 -0.00496648224
34 56 -1.12379679e+20
35 56 5.62304061e+20
36 56 -4.12192718e+21
37 56 -0.656172953
38 56 -0.00423206274
39 56 0.0180414321
40 56 3.49185295e+20
41 56 4.03573856e+22
42 56 2.21668065e+22
43 56 -0.228606818
44 56 -0.000796748354
45 56 -0.00112724739
46 56 4.57970985e+18
47 56 -1.78791468e+21
48 56 3.34944387e+20
49 56 -1.03857752
50 56 0.00216565292
51 56 -0.0539358118
52 56 3.93473654e+20
53 56 -5.55023317e+22
54 56 -9.80520479e+21
55 56 -0.243028396
56 56 2.57939115
57 56 1.19039833
58 56 -2.11518155e+20
59 56 -2.15773645e+21
60 56 1.08858881e+21
61 56 0.0141289232
62 56 -0.000358749343
63 56 0.0090367835
64 56 -0.421713119
65 56 -0.774607275
66 56 1.41144537
67 56 -0.012675314
68 56 -0.00840284045
69 56 0.0339534875
70 56 -1.91179283
71 56 -1.93630957
72 56 0.9018977
1 57 -0.800730303
2 57 -0.0140931035
3 57 -0.000210369641
4 57 -7.43763443e+20
5 57 4.16984804e+22
6 57 3.75193254e+22
25 57 -1.55499079
26 57 -0.0507238394
27 57 0.381280338
28 57 1.5599854e+21
29 57 2.66559567e+22
30 57 9.90834042e+21
31 57 -0.973543756
32 57 -0.0286502825
33 57 0.0226341613
34 57 5.12157229e+20
35 57 -2.56263492e+21
36 57 1.87852005e+22
37 57 -0.742736214
38 57 -0.00479036242
39 57 0.0204214832
40 57 3.95250312e+20
41 57 4.56813888e+22
42 57 2.50910829e+22
43 57 -0.973498829
44 57 -0.00339287165
45 57 -0.00480026809
46 57 1.95022275e+19
47 57 -7.61365241e+21
48 57 1.42632653e+21
49 57 -0.280469695
50 57 0.000584838399
51 57 -0.0145654613
52 57 1.06258256e+20
53 57 -1.49885027e+22
54 57 -2.64791288e+21
55 57 -0.63314662
56 57 1.19039833
57 57 4.00486056
58 57 7.28404081e+20
59 57 8.43292474e+21
60 57 -3.57246793e+21
61 57 -0.0699017987
62 57 0.00177488575
63 57 -0.0447088157
64 57 2.08639436
65 57 3.832312
66 57 -6.98302122
67 57 0.0435564922
68 57 0.0288748865
69 57 -0.116675201
70 57 6.56954056
71 57 6.65378802
72 57 -3.09921317
1 58 76.3221102
2 58 1.34329299
3 58 0.020051514
4 58 7.08922783e+22
5 58 -3.97451677e+24
6 58 -3.57617799e+24
25 58 234.693194
26 58 7.65569801
27 58 -57.5462575
28 58 -2.35447025e+23
29 58 -4.02315671e+24
30 58 -1.49545584e+24
31 58 64.8583679
32 58 1.9087078
33 58 -1.50790835
34 58 -3.4120379e+22
35 58 1.70725062e+23
36 58 -1.25148709e+24
37 58 37.5705156
38 58 0.242315351
39 58 -1.03299885
40 58 -1.99933136e+22
41 58 -2.31074411e+24
42 58 -1.26920555e+24
43 58 70.4983826
44 58 0.245703391
45 58 0.347623568
46 58 -1.41230319e+21
47 58 5.51361917e+23
48 58 -1.03291047e+23
49 58 47.885352
50 58 -0.0998510465
51 58 2.48680072
52 58 -1.81417602e+22
53 58 2.55902774e+24
54 58 4.5208535e+23
55 58 5.73020438e+21
56 58 -2.11518155e+20
57 58 7.28404081e+20
58 58 3.20169508e+43
59 58 2.30601909e+44
60 58 -1.81663784e+44
61 58 -1.03599187e+20
62 58 2.63050055e+18
63 58 -6.62614843e+19
64 58 3.09217734e+21
65 58 5.67974521e+21
66 58 -1.03493091e+22
67 58 1.92757815e+21
68 58 1.27784855e+21
69 58 -5.16342243e+21
70 58 2.90732844e+23
71 58 2.94461188e+23
72 58 -1.37154653e+23
1 59 42.6441793
2 59 0.75055088
3 59 0.0112035734
4 59 3.96103177e+22
5 59 -2.2207196e+24
6 59 -1.99815198e+24
25 59 -130.338924
26 59 -4.25165905
27 59 31.9588189
28 59 1.30757571e+23
29 59 2.23429537e+24
30 59 8.30514522e+23
31 59 -6.75128814
32 59 -0.198682711
33 59 0.15696238
34 59 3.55168527e+21
35 59 -1.77712472e+22
36 59 1.30270777e+23
37 59 20.9632477
38 59 0.135204871
39 59 -0.576383114
40 59 -1.11556836e+22
41 59 -1.28932756e+24
42 59 -7.08179534e+23
43 59 -22.0586254
44 59 -0.0768794811
45 59 -0.108769844
46 59 4.41903287e+20
47 59 -1.72518653e+23
48 59 3.2319302e+22
49 59 -132.181634
50 59 0.275626552
51 59 -6.864508
52 59 5.00781013e+22
53 59 -7.06388181e+24
54 59 -1.24792609e+24
55 59 1.19794755e+23
56 59 -2.15773645e+21
57 59 8.43292474e+21
58 59 2.30601909e+44
59 59 4.81782292e+45
60 59 -7.5316572e+44
61 59 -6.76618223e+22
62 59 1.71801021e+21
63 59 -4.32761388e+22
64 59 2.01953665e+24
65 59 3.70950703e+24
66 59 -6.75925298e+24
67 59 1.35891161e+22
68 59 9.00862689e+21
69 59 -3.64012982e+22
70 59 2.04961982e+24
71 59 2.07590404e+24
72 59 -9.66918262e+23
1 60 -47.7883829
2 60 -0.84109047
3 60 -0.0125550699
4 60 -4.4388544e+22
5 60 2.48860689e+24
6 60 2.23919075e+24
25 60 -37.3123799
26 60 -1.21713079
27 60 9.14891389
28 60 3.74322267e+22
29 60 6.39616125e+23
30 60 2.37753024e+23
31 60 -72.8479687
32 60 -2.14383264
33 60 1.69366057
34 60 3.83235099e+22
35 60 -1.91755889e+23
36 60 1.40565197e+24
37 60 -62.4917782
38 60 -0.403047893
39 60 1.71820732
40 60 3.3255272e+22
41 60 3.84350617e+24
42 60 2.11109457e+24
43 60 -67.1218214
44 60 -0.233935284
45 60 -0.330973934
46 60 1.3446601e+21
47 60 -5.24954116e+23
48 60 9.83438619e+22
49 60 -138.85155
50 60 0.289534732
51 60 -7.21089269
52 60 5.26050541e+22
53 60 -7.42032695e+24
54 60 -1.31089673e+24
55 60 -1.87017731e+22
56 60 1.08858881e+21
57 60 -3.57246793e+21
58 60 -1.81663784e+44
59 60 -7.5316572e+44
60 60 1.1284234e+45
61 60 -1.1181911e+22
62 60 2.8392137e+20
63 60 -7.15189033e+21
64 60 3.33752156e+23
65 60 6.13039615e+23
66 60 -1.11704596e+24
67 60 -1.09888108e+22
68 60 -7.28480761e+21
69 60 2.94358349e+22
70 60 -1.65742085e+24
71 60 -1.67867554e+24
72 60 7.81896464e+23
31 61 0.0906327637
32 61 0.00409895762
33 61 -0.00730246614
34 61 -1.36142082e+20
35 61 -2.97634904e+21
36 61 -3.36035269e+21
37 61 0.605224169
38 61 0.00447052567
39 61 0.0123356535
40 61 -7.45412832e+19
41 61 -2.35671065e+22
42 61 1.21981005e+22
43 61 0.823354882
44 61 0.00438826411
45 61 0.0477148143
46 61 3.47969941e+20
47 61 -3.52182696e+22
48 61 -2.76550761e+21
49 61 -0.819891666
50 61 0.0142848111
51 61 -0.0682021775
52 61 2.80755834e+21
53 61 -1.81990568e+22
54 61 -3.75627856e+22
55 61 -1.68295719
56 61 0.0141289232
57 61 -0.0699017987
58 61 -1.03599187e+20
59 61 -6.76618223e+22
60 61 -1.1181911e+22
61 61 6.15387939
62 61 0.905021182
63 61 1.37504782
64 61 7.98805469e+22
65 61 1.56805741e+23
66 61 -2.13820598e+23
67 61 0.261331166
68 61 -0.516703705
69 61 -1.91008849
70 61 126.35383
71 61 39.6201711
72 61 -125.462462
73 61 -0.759932985
74 61 0.444697691
75 61 -0.460329583
76 61 33.9041539
77 61 57.9683479
78 61 -73.1481077
79 61 -0.149572754
80 61 0.827260677
81 61 0.012752762
82 61 5.68172514
83 61 7.78918945
84 61 -64.0514215
31 62 1.86052056
32 62 0.0841439079
33 62 -0.149905926
34 62 -2.79474146e+21
35 62 -6.10988603e+22
36 62 -6.89817346e+22
37 62 0.329865443
38 62 0.00243657145
39 62 0.00672330356
40 62 -4.06272497e+19
41 62 -1.28447845e+22
42 62 6.64833302e+21
43 62 1.37671272
44 62 0.00733751526
45 62 0.079782841
46 62 5.81832518e+20
47 62 -5.88876567e+22
48 62 -4.62414152e+21
49 62 -0.340313144
50 62 0.0059292089
51 62 -0.0283087369
52 62 1.16533567e+21
53 62 -7.55389826e+21
54 62 -1.55912179e+22
55 62 0.042732187
56 62 -0.000358749343
57 62 0.00177488575
58 62 2.63050055e+18
59 62 1.71801021e+21
60 62 2.8392137e+20
61 62 0.905021182
62 62 2.86749919
63 62 -1.46817628
64 62 -4.46721425e+21
65 62 -2.32783583e+21
66 62 6.95069891e+21
67 62 -0.000735360448
68 62 0.0014539539
69 62 0.00537480299
70 62 -0.355547371
71 62 -0.111487303
72 62 0.353039148
73 62 0.00123572182
74 62 -0.000723119866
75 62 0.000748538779
76 62 -0.0551313122
77 62 -0.094261933
78 62 0.118945636
79 62 0.00967244654
80 62 -0.0534966059
81 62 -0.000824685014
82 62 -0.367421079
83 62 -0.50370483
84 62 4.14202409
31 63 -0.704548827
32 63 -0.0318639272
33 63 0.0567669322
34 63 1.05832306e+21
35 63 2.31371431e+22
36 63 2.61222592e+22
37 63 -0.724170374
38 63 -0.00534912916
39 63 -0.01476001
40 63 8.91910662e+19
41 63 2.81988084e+22
42 63 -1.45954234e+22
43 63 -1.1888008
44 63 -0.00633599434
45 63 -0.0688930259
46 63 -5.02416337e+20
47 63 5.08498921e+22
48 63 3.99297765e+21
49 63 -1.78417461
50 63 0.031085323
51 63 -0.148415454
52 63 6.10955631e+21
53 63 -3.9603153e+22
54 63 -8.17407606e+22
55 63 -1.0764104
56 63 0.0090367835
57 63 -0.0447088157
58 63 -6.62614843e+19
59 63 -4.32761388e+22
60 63 -7.15189033e+21
61 63 1.37504782
62 63 -1.46817628
63 63 3.97862142
64 63 4.52052225e+22
65 63 3.16403795e+22
66 63 -7.75527111e+22
67 63 0.0166925736
68 63 -0.0330045389
69 63 -0.122007234
70 63 8.07087283
71 63 2.5307453
72 63 -8.01393654
73 63 -0.0866687733
74 63 0.0507168449
75 63 -0.0524996297
76 63 3.8666981
77 63 6.61116927
78 63 -8.34238925
79 63 -0.0958264986
80 63 0.529999562
81 63 0.00817028834
82 63 3.64010029
83 63 4.99028554
84 63 -41.0357053
31 64 121.761251
32 64 5.50677466
33 64 -9.81055167
34 64 -1.82901078e+23
35 64 -3.99859793e+24
36 64 -4.51449045e+24
37 64 74.4924818
38 64 0.550243314
39 64 1.51830262
40 64 -9.17472478e+21
41 64 -2.90069753e+24
42 64 1.50137226e+24
43 64 153.099642
44 64 0.815980665
45 64 8.87238437
46 64 6.4703659e+22
47 64 -6.54870042e+24
48 64 -5.14235397e+23
49 64 107.505103
50 64 -1.87304024
51 64 8.942745
52 64 -3.68130156e+23
53 64 2.38628047e+24
54 64 4.92527402e+24
55 64 50.2320749
56 64 -0.421713119
57 64 2.08639436
58 64 3.09217734e+21
59 64 2.01953665e+24
60 64 3.33752156e+23
61 64 7.98805469e+22
62 64 -4.46721425e+21
63 64 4.52052225e+22
64 64 6.76976897e+45
65 64 3.74695793e+45
66 64 -1.08506931e+46
67 64 2.99650025e+20
68 64 -5.92467712e+20
69 64 -2.19016382e+21
70 64 1.44881029e+23
71 64 4.5429657e+22
72 64 -1.4385896e+23
73 64 -6.80377948e+21
74 64 3.98143663e+21
75 64 -4.12139101e+21
76 64 3.03548328e+23
77 64 5.18998206e+23
78 64 -6.54904582e+23
79 64 -1.454869e+22
80 64 8.04662536e+22
81 64 1.24043969e+21
82 64 5.52651841e+23
83 64 7.57641347e+23
84 64 -6.23017396e+24
31 65 82.7932958
32 65 3.74440982
33 65 -6.67082427
34 65 -1.24366192e+23
35 65 -2.71890359e+24
36 65 -3.06969205e+24
37 65 37.7521142
38 65 0.278858321
39 65 0.769462
40 65 -4.64966732e+21
41 65 -1.4700472e+24
42 65 7.60881846e+23
43 65 45.8034592
44 65 0.244120343
45 65 2.65438828
46 65 1.93576638e+22
47 65 -1.95920205e+24
48 65 -1.53845951e+23
49 65 -48.5192038
50 65 0.845340535
51 65 -4.03603974
52 65 1.66144505e+23
53 65 -1.07697612e+24
54 65 -2.22287471e+24
55 65 92.2668253
56 65 -0.774607275
57 65 3.832312
58 65 5.67974521e+21
59 65 3.70950703e+24
60 65 6.13039615e+23
61 65 1.56805741e+23
62 65 -2.32783583e+21
63 65 3.16403795e+22
64 65 3.74695793e+45
65 65 7.57683405e+45
66 65 -1.07687113e+46
67 65 7.76956278e+21
68 65 -1.53619713e+22
69 65 -5.67882993e+22
70 65 3.75658989e+24
71 65 1.17793607e+24
72 65 -3.73008888e+24
73 65 -5.06704142e+22
74 65 2.96513201e+22
75 65 -3.06936152e+22
76 65 2.26064345e+24
77 65 3.86518318e+24
78 65 -4.87733127e+24
79 65 -6.72124242e+21
80 65 3.71740134e+22
81 65 5.73061621e+20
82 65 2.55315564e+23
83 65 3.5001716e+23
84 65 -2.8782323e+24
31 66 -109.879421
32 66 -4.969407
33 66 8.85320848
34 66 1.6505304e+23
35 66 3.6084027e+24
36 66 4.07395287e+24
37 66 -23.3884389
38 66 -0.172760147
39 66 -0.476702175
40 66 2.88059257e+21
41 66 9.10733343e+23
42 66 -4.71386541e+23
43 66 -98.055567
44 66 -0.52261028
45 66 -5.6824867
46 66 -4.14406845e+22
47 66 4.19423929e+24
48 66 3.29351805e+23
49 66 -160.224605
50 66 2.79156174
51 66 -13.3281839
52 66 5.48657759e+23
53 66 -3.5564902e+24
54 66 -7.34058256e+24
55 66 -168.123367
56 66 1.41144537
57 66 -6.98302122
58 66 -1.03493091e+22
59 66 -6.75925298e+24
60 66 -1.11704596e+24
61 66 -2.13820598e+23
62 66 6.95069891e+21
63 66 -7.75527111e+22
64 66 -1.08506931e+46
65 66 -1.07687113e+46
66 66 2.18238757e+46
67 66 -4.34890766e+21
68 66 8.59865563e+21
69 66 3.17864823e+22
70 66 -2.10270037e+24
71 66 -6.5933378e+23
72 66 2.08786679e+24
73 66 5.89347434e+22
74 66 -3.44874414e+22
75 66 3.56997346e+22
76 66 -2.62935371e+24
77 66 -4.49559339e+24
78 66 5.67282253e+24
79 66 2.20301984e+22
80 66 -1.21845165e+23
81 66 -1.87832255e+21
82 66 -8.36847144e+23
83 66 -1.14725031e+24
84 66 9.43397434e+24
31 67 -0.557558369
32 67 -0.000922240949
33 67 -0.0408271364
34 67 -3.03428607e+21
35 67 1.37983882e+22
36 67 4.11262287e+22
37 67 0.0815461065
38 67 2.7380182e-05
39 67 0.00732810793
40 67 -1.2998491e+20
41 67 -5.70967373e+21
42 67 1.46778614e+21
43 67 -0.196275232
44 67 -0.00104134035
45 67 -0.0247143243
46 67 -9.3298626e+20
47 67 6.39563161e+21
48 67 7.1400724e+21
55 67 0.337667433
56 67 -0.012675314
57 67 0.0435564922
58 67 1.92757815e+21
59 67 1.35891161e+22
60 67 -1.09888108e+22
61 67 0.261331166
62 67 -0.000735360448
63 67 0.0166925736
64 67 2.99650025e+20
65 67 7.76956278e+21
66 67 -4.34890766e+21
67 67 3.37673176
68 67 -0.595705092
69 67 -0.0423358833
70 67 -4.09689658e+22
71 67 1.79813645e+23
72 67 6.87797056e+22
73 67 -1.05850404
74 67 -0.627364349
75 67 1.57134762
76 67 -96.6221615
77 67 71.6238612
78 67 -159.212109
85 67 -0.668107982
86 67 -0.569938769
87 67 -0.32437036
88 67 -14.5745696
89 67 70.0546713
90 67 -51.0071554
31 68 0.818026395
32 68 0.00135307347
33 68 0.0598998725
34 68 4.45177802e+21
35 68 -2.02444199e+22
36 68 -6.03386883e+22
37 68 0.93699689
38 68 0.000314609077
39 68 0.084202847
40 68 -1.49357783e+21
41 68 -6.56064005e+22
42 68 1.6865441e+22
43 68 0.958788276
44 68 0.00508686151
45 68 0.120727431
46 68 4.55756073e+21
47 68 -3.12421315e+22
48 68 -3.48786632e+22
55 68 0.223849726
56 68 -0.00840284045
57 68 0.0288748865
58 68 1.27784855e+21
59 68 9.00862689e+21
60 68 -7.28480761e+21
61 68 -0.516703705
62 68 0.0014539539
63 68 -0.0330045389
64 68 -5.92467712e+20
65 68 -1.53619713e+22
66 68 8.59865563e+21
67 68 -0.595705092
68 68 2.6779822
69 68 0.645890382
70 68 1.67274493e+21
71 68 -1.01662744e+21
72 68 -4.60537973e+21
73 68 -0.000460484562
74 68 -0.000272924415
75 68 0.00068358862
76 68 -0.0420338628
77 68 0.0311587684
78 68 -0.0692625775
85 68 0.0251846984
86 68 0.0214841558
87 68 0.0122273194
88 68 0.549396431
89 68 -2.64074942
90 68 1.92274282
31 69 -0.120935897
32 69 -0.000200036522
33 69 -0.00885551479
34 69 -6.58144741e+20
35 69 2.9929072e+21
36 69 8.9203887e+21
37 69 0.327682771
38 69 0.000110023817
39 69 0.0294470799
40 69 -5.22328012e+20
41 69 -2.29436057e+22
42 69 5.89811397e+21
43 69 0.16299156
44 69 0.000864753474
45 69 0.0205233551
46 69 7.74773692e+20
47 69 -5.31108262e+21
48 69 -5.92928373e+21
55 69 -0.904513054
56 69 0.0339534875
57 69 -0.116675201
58 69 -5.16342243e+21
59 69 -3.64012982e+22
60 69 2.94358349e+22
61 69 -1.91008849
62 69 0.00537480299
63 69 -0.122007234
64 69 -2.19016382e+21
65 69 -5.67882993e+22
66 69 3.17864823e+22
67 69 -0.0423358833
68 69 0.645890382
69 69 2.94528604
70 69 -1.63458874e+22
71 69 2.05552631e+22
72 69 4.19855933e+22
73 69 -0.0688441831
74 69 -0.040803232
75 69 0.102199083
76 69 -6.28422141
77 69 4.65835368
78 69 -10.3550172
85 69 -0.249618162
86 69 -0.212940231
87 69 -0.121191088
88 69 -5.44534326
89 69 26.1737905
90 69 -19.0572673
31 70 46.5345904
32 70 0.0769715014
33 70 3.40748911
34 70 2.532457e+23
35 70 -1.15163251e+24
36 70 -3.43245177e+24
37 70 -53.9072826
38 70 -0.0181000819
39 70 -4.84435617
40 70 8.59284838e+22
41 70 3.77446586e+24
42 70 -9.70302148e+23
43 70 -62.7303882
44 70 -0.332816749
45 70 -7.89880183
46 70 -2.98186326e+23
47 70 2.04407072e+24
48 70 2.28199712e+24
55 70 50.9297189
56 70 -1.91179283
57 70 6.56954056
58 70 2.90732844e+23
59 70 2.04961982e+24
60 70 -1.65742085e+24
61 70 126.35383
62 70 -0.355547371
63 70 8.07087283
64 70 1.44881029e+23
65 70 3.75658989e+24
66 70 -2.10270037e+24
67 70 -4.09689658e+22
68 70 1.67274493e+21
69 70 -1.63458874e+22
70 70 2.24858689e+45
71 70 -1.19707526e+45
72 70 -6.23894743e+45
73 70 -1.78969047e+21
74 70 -1.06073095e+21
75 70 2.65679273e+21
76 70 -1.63366179e+23
77 70 1.21099718e+23
78 70 -2.69191597e+23
85 70 3.37984035e+22
86 70 2.88321964e+22
87 70 1.6409324e+22
88 70 7.37301754e+23
89 70 -3.54394217e+24
90 70 2.58036196e+24
31 71 88.0023675
32 71 0.145562136
33 71 6.44396151
34 71 4.78917316e+23
35 71 -2.17787212e+24
36 71 -6.49116881e+24
37 71 -31.7932632
38 71 -0.0106750079
39 71 -2.85708875
40 71 5.06786239e+22
41 71 2.2260923e+24
42 71 -5.7226167e+23
43 71 -76.3107885
44 71 -0.404867709
45 71 -9.60880068
46 71 -3.62740202e+23
47 71 2.48658828e+24
48 71 2.77602299e+24
55 71 51.5828391
56 71 -1.93630957
57 71 6.65378802
58 71 2.94461188e+23
59 71 2.07590404e+24
60 71 -1.67867554e+24
61 71 39.6201711
62 71 -0.111487303
63 71 2.5307453
64 71 4.5429657e+22
65 71 1.17793607e+24
66 71 -6.5933378e+23
67 71 1.79813645e+23
68 71 -1.01662744e+21
69 71 2.05552631e+22
70 71 -1.19707526e+45
71 71 1.24046662e+46
72 71 -2.20293127e+43
73 71 -8.03084946e+22
74 71 -4.75980103e+22
75 71 1.19217836e+23
76 71 -7.33070448e+24
77 71 5.43408833e+24
78 71 -1.20793916e+25
85 71 -2.18886592e+22
86 71 -1.86724239e+22
87 71 -1.06270729e+22
88 71 -4.77494352e+23
89 71 2.2951422e+24
90 71 -1.67110448e+24
31 72 -3.04095884
32 72 -0.00502996085
33 72 -0.222673801
34 72 -1.65491894e+22
35 72 7.52572875e+22
36 72 2.2430507e+23
37 72 -59.5234326
38 72 -0.0199857784
39 72 -5.34904923
40 72 9.48806557e+22
41 72 4.16769597e+24
42 72 -1.07138983e+24
43 72 -8.49491189
44 72 -0.0450698464
45 72 -1.06965105
46 72 -4.03802151e+22
47 72 2.76806842e+23
48 72 3.09026694e+23
55 72 -24.0263461
56 72 0.9018977
57 72 -3.09921317
58 72 -1.37154653e+23
59 72 -9.66918262e+23
60 72 7.81896464e+23
61 72 -125.462462
62 72 0.353039148
63 72 -8.01393654
64 72 -1.4385896e+23
65 72 -3.73008888e+24
66 72 2.08786679e+24
67 72 6.87797056e+22
68 72 -4.60537973e+21
69 72 4.19855933e+22
70 72 -6.23894743e+45
71 72 -2.20293127e+43
72 72 1.82606006e+46
73 72 2.80543008e+22
74 72 1.66274926e+22
75 72 -4.16465661e+22
76 72 2.56084726e+24
77 72 -1.89829917e+24
78 72 4.21971407e+24
85 72 -9.26705102e+22
86 72 -7.90538625e+22
87 72 -4.49920784e+22
88 72 -2.02157861e+24
89 72 9.71699532e+24
90 72 -7.07499273e+24
37 73 0.52875901
38 73 -0.0873352353
39 73 0.0791977265
40 73 -1.95651783e+22
41 73 -7.28441686e+22
42 73 5.02969198e+22
43 73 0.859326157
44 73 -0.0185538872
45 73 0.16977921
46 73 1.64658262e+22
47 73 -8.69824369e+22
48 73 -9.2846335e+22
61 73 -0.759932985
62 73 0.00123572182
63 73 -0.0866687733
64 73 -6.80377948e+21
65 73 -5.06704142e+22
66 73 5.89347434e+22
67 73 -1.05850404
68 73 -0.000460484562
69 73 -0.0688441831
70 73 -1.78969047e+21
71 73 -8.03084946e+22
72 73 2.80543008e+22
73 73 3.81291901
74 73 0.760652328
75 73 0.618235262
76 73 2.88914218e+22
77 73 -4.48222826e+22
78 73 -3.77684581e+23
79 73 0.188582633
80 73 1.02681944
81 73 1.69886471
82 73 -138.161345
83 73 -24.7647068
84 73 -131.8592
37 74 0.642556797
38 74 -0.106131239
39 74 0.0962424023
40 74 -2.3775932e+22
41 74 -8.85214525e+22
42 74 6.11216585e+22
43 74 0.954500604
44 74 -0.0206088182
45 74 0.188583063
46 74 1.82894945e+22
47 74 -9.66161543e+22
48 74 -1.03129507e+23
61 74 0.444697691
62 74 -0.000723119866
63 74 0.0507168449
64 74 3.98143663e+21
65 74 2.96513201e+22
66 74 -3.44874414e+22
67 74 -0.627364349
68 74 -0.000272924415
69 74 -0.040803232
70 74 -1.06073095e+21
71 74 -4.75980103e+22
72 74 1.66274926e+22
73 74 0.760652328
74 74 1.30498026
75 74 0.376233948
76 74 -1.94907675e+20
77 74 3.0238065e+20
78 74 2.5479405e+21
79 74 -0.00127221855
80 74 -0.00692714231
81 74 -0.0114609026
82 74 0.932065815
83 74 0.167067978
84 74 0.8895502
37 75 0.510072417
38 75 -0.0842487668
39 75 0.0763988414
40 75 -1.88737356e+22
41 75 -7.02698213e+22
42 75 4.85194029e+22
43 75 1.48272959
44 75 -0.0320139185
45 75 0.29294658
46 75 2.84110608e+22
47 75 -1.5008438e+23
48 75 -1.60202278e+23
61 75 -0.460329583
62 75 0.000748538779
63 75 -0.0524996297
64 75 -4.12139101e+21
65 75 -3.06936152e+22
66 75 3.56997346e+22
67 75 1.57134762
68 75 0.00068358862
69 75 0.102199083
70 75 2.65679273e+21
71 75 1.19217836e+23
72 75 -4.16465661e+22
73 75 0.618235262
74 75 0.376233948
75 75 2.88210072
76 75 2.23321391e+21
77 75 -3.46461818e+21
78 75 -2.91938024e+22
79 75 0.0145768306
80 75 0.0793698379
81 75 0.131316774
82 75 -10.6794273
83 75 -1.91423213
84 75 -10.1922917
37 76 -85.1491201
38 76 14.0640978
39 76 -12.7536677
40 76 3.15069376e+24
41 76 1.17305176e+25
42 76 -8.09960375e+24
43 76 -107.989682
44 76 2.33162735
45 76 -21.3357906
46 76 -2.06922519e+24
47 76 1.0930897e+25
48 76 1.16678005e+25
61 76 33.9041539
62 76 -0.0551313122
63 76 3.8666981
64 76 3.03548328e+23
65 76 2.26064345e+24
66 76 -2.62935371e+24
67 76 -96.6221615
68 76 -0.0420338628
69 76 -6.28422141
70 76 -1.63366179e+23
71 76 -7.33070448e+24
72 76 2.56084726e+24
73 76 2.88914218e+22
74 76 -1.94907675e+20
75 76 2.23321391e+21
76 76 4.19869743e+44
77 76 -6.51387821e+44
78 76 -5.48876858e+45
79 76 2.74061078e+21
80 76 1.49224368e+22
81 76 2.46890546e+22
82 76 -2.00785441e+24
83 76 -3.59897521e+23
84 76 -1.91626735e+24
37 77 -33.0859826
38 77 5.4648186
39 77 -4.95563111
40 77 1.22424987e+24
41 77 4.55807059e+24
42 77 -3.14722394e+24
43 77 -103.038473
44 77 2.22472478
45 77 -20.3575678
46 77 -1.97435347e+24
47 77 1.04297273e+25
48 77 1.11328446e+25
61 77 57.9683479
62 77 -0.094261933
63 77 6.61116927
64 77 5.18998206e+23
65 77 3.86518318e+24
66 77 -4.49559339e+24
67 77 71.6238612
68 77 0.0311587684
69 77 4.65835368
70 77 1.21099718e+23
71 77 5.43408833e+24
72 77 -1.89829917e+24
73 77 -4.48222826e+22
74 77 3.0238065e+20
75 77 -3.46461818e+21
76 77 -6.51387821e+44
77 77 1.01056602e+45
78 77 8.51530043e+45
79 77 -4.25179597e+21
80 77 -2.3150736e+22
81 77 -3.83027112e+22
82 77 3.11499442e+24
83 77 5.58346645e+23
84 77 2.97290585e+24
37 78 -32.9861211
38 78 5.44832445
39 78 -4.94067381
40 78 1.22055478e+24
41 78 4.54431322e+24
42 78 -3.13772485e+24
43 78 -13.9522183
44 78 0.301245205
45 78 -2.75657454
46 78 -2.67342963e+23
47 78 1.41226697e+24
48 78 1.50747457e+24
61 78 -73.1481077
62 78 0.118945636
63 78 -8.34238925
64 78 -6.54904582e+23
65 78 -4.87733127e+24
66 78 5.67282253e+24
67 78 -159.212109
68 78 -0.0692625775
69 78 -10.3550172
70 78 -2.69191597e+23
71 78 -1.20793916e+25
72 78 4.21971407e+24
73 78 -3.77684581e+23
74 78 2.5479405e+21
75 78 -2.91938024e+22
76 78 -5.48876858e+45
77 78 8.51530043e+45
78 78 7.17522064e+46
79 78 -3.58267738e+22
80 78 -1.95074314e+23
81 78 -3.22748923e+23
82 78 2.62477789e+25
83 78 4.70477866e+24
84 78 2.50505024e+25
61 79 -0.149572754
62 79 0.00967244654
63 79 -0.0958264986
64 79 -1.454869e+22
65 79 -6.72124242e+21
66 79 2.20301984e+22
73 79 0.188582633
74 79 -0.00127221855
75 79 0.0145768306
76 79 2.74061078e+21
77 79 -4.25179597e+21
78 79 -3.58267738e+22
79 79 2.03121625
80 79 -0.0883612708
81 79 0.34869336
82 79 -4.64194624e+22
83 79 3.31780879e+22
84 79 4.85411412e+23
85 79 1.00917093
86 79 1.69453359
87 79 -0.271087391
88 79 170.807986
89 79 94.1121615
90 79 -30.2375963
61 80 0.827260677
62 80 -0.0534966059
63 80 0.529999562
64 80 8.04662536e+22
65 80 3.71740134e+22
66 80 -1.21845165e+23
73 80 1.02681944
74 80 -0.00692714231
75 80 0.0793698379
76 80 1.49224368e+22
77 80 -2.3150736e+22
78 80 -1.95074314e+23
79 80 -0.0883612708
80 80 1.49853254
81 80 0.891359459
82 80 2.51183806e+20
83 80 -1.79532419e+20
84 80 -2.6266458e+21
85 80 -0.00546079989
86 80 -0.00916941676
87 80 0.00146690115
88 80 -0.9242718
89 80 -0.509257318
90 80 0.163620907
61 81 0.012752762
62 81 -0.000824685014
63 81 0.00817028834
64 81 1.24043969e+21
65 81 5.73061621e+20
66 81 -1.87832255e+21
73 81 1.69886471
74 81 -0.0114609026
75 81 0.131316774
76 81 2.46890546e+22
77 81 -3.83027112e+22
78 81 -3.22748923e+23
79 81 0.34869336
80 81 0.891359459
81 81 1.47025121
82 81 -4.4562205e+21
83 81 3.18506221e+21
84 81 4.65989948e+22
85 81 0.0968793681
86 81 0.162673476
87 81 -0.0260241098
88 81 16.3973905
89 81 9.03467041
90 81 -2.90277805
61 82 5.68172514
62 82 -0.367421079
63 82 3.64010029
64 82 5.52651841e+23
65 82 2.55315564e+23
66 82 -8.36847144e+23
73 82 -138.161345
74 82 0.932065815
75 82 -10.6794273
76 82 -2.00785441e+24
77 82 3.11499442e+24
78 82 2.62477789e+25
79 82 -4.64194624e+22
80 82 2.51183806e+20
81 82 -4.4562205e+21
82 82 1.08734374e+45
83 82 -7.77173719e+44
84 82 -1.1370426e+46
85 82 -2.36391297e+22
86 82 -3.96932751e+22
87 82 6.35003428e+21
88 82 -4.00105872e+24
89 82 -2.20451217e+24
90 82 7.08294741e+23
61 83 7.78918945
62 83 -0.50370483
63 83 4.99028554
64 83 7.57641347e+23
65 83 3.5001716e+23
66 83 -1.14725031e+24
73 83 -24.7647068
74 83 0.167067978
75 83 -1.91423213
76 83 -3.59897521e+23
77 83 5.58346645e+23
78 83 4.70477866e+24
79 83 3.31780879e+22
80 83 -1.79532419e+20
81 83 3.18506221e+21
82 83 -7.77173719e+44
83 83 5.55481184e+44
84 83 8.12695738e+45
85 83 1.68959545e+22
86 83 2.83705778e+22
87 83 -4.53865652e+21
88 83 2.85973751e+24
89 83 1.57566449e+24
90 83 -5.06250266e+23
61 84 -64.0514215
62 84 4.14202409
63 84 -41.0357053
64 84 -6.23017396e+24
65 84 -2.8782323e+24
66 84 9.43397434e+24
73 84 -131.8592
74 84 0.8895502
75 84 -10.1922917
76 84 -1.91626735e+24
77 84 2.97290585e+24
78 84 2.50505024e+25
79 84 4.85411412e+23
80 84 -2.6266458e+21
81 84 4.65989948e+22
82 84 -1.1370426e+46
83 84 8.12695738e+45
84 84 1.18901302e+47
85 84 2.47195955e+23
86 84 4.15075224e+23
87 84 -6.64027318e+22
88 84 4.18393377e+25
89 84 2.30527307e+25
90 84 -7.40668532e+24
67 85 -0.668107982
68 85 0.0251846984
69 85 -0.249618162
70 85 3.37984035e+22
71 85 -2.18886592e+22
72 85 -9.26705102e+22
79 85 1.00917093
80 85 -0.00546079989
81 85 0.0968793681
82 85 -2.36391297e+22
83 85 1.68959545e+22
84 85 2.47195955e+23
85 85 1.02323247
86 85 1.29741737
87 85 0.109222502
88 85 98.0945144
89 85 -5.4773892
90 85 23.4852434
67 86 -0.569938769
68 86 0.0214841558
69 86 -0.212940231
70 86 2.88321964e+22
71 86 -1.86724239e+22
72 86 -7.90538625e+22
79 86 1.69453359
80 86 -0.00916941676
81 86 0.162673476
82 86 -3.96932751e+22
83 86 2.83705778e+22
84 86 4.15075224e+23
85 86 1.29741737
86 86 1.81963072
87 86 -0.0208663906
88 86 155.535831
89 86 34.9182345
90 86 7.31415881
67 87 -0.32437036
68 87 0.0122273194
69 87 -0.121191088
70 87 1.6409324e+22
71 87 -1.06270729e+22
72 87 -4.49920784e+22
79 87 -0.271087391
80 87 0.00146690115
81 87 -0.0260241098
82 87 6.35003428e+21
83 87 -4.53865652e+21
84 87 -6.64027318e+22
85 87 0.109222502
86 87 -0.0208663906
87 87 0.157136807
88 87 -17.9717842
89 87 -38.8022217
90 87 23.0146969
67 88 -14.5745696
68 88 0.549396431
69 88 -5.44534326
70 88 7.37301754e+23
71 88 -4.77494352e+23
72 88 -2.02157861e+24
79 88 170.807986
80 88 -0.9242718
81 88 16.3973905
82 88 -4.00105872e+24
83 88 2.85973751e+24
84 88 4.18393377e+25
85 88 98.0945144
86 88 155.535831
87 88 -17.9717842
88 88 0
89 88 0
90 88 0
67 89 70.0546713
68 89 -2.64074942
69 89 26.1737905
70 89 -3.54394217e+24
71 89 2.2951422e+24
72 89 9.71699532e+24
79 89 94.1121615
80 89 -0.509257318
81 89 9.03467041
82 89 -2.20451217e+24
83 89 1.57566449e+24
84 89 2.30527307e+25
85 89 -5.4773892
86 89 34.9182345
87 89 -38.8022217
88 89 0
89 89 0
90 89 0
67 90 -51.0071554
68 90 1.92274282
69 90 -19.0572673
70 90 2.58036196e+24
71 90 -1.67110448e+24
72 90 -7.07499273e+24
79 90 -30.2375963
80 90 0.163620907
81 90 -2.90277805
82 90 7.08294741e+23
83 90 -5.06250266e+23
84 90 -7.40668532e+24
85 90 23.4852434
86 90 7.31415881
87 90 23.0146969
88 90 0
89 90 0
90 90 0
