# name: debug
# type: sparse matrix
# nnz: 4068
# rows: 90
# columns: 90

1 1 1273.39005
2 1 0.288474444
3 1 -0.381441549
4 1 -1.53566981
5 1 -0.54379456
6 1 470.491043
7 1 1.15557217
8 1 0.0246464288
9 1 0.0190126506
10 1 1.40758773
11 1 -1.51509817
12 1 -169.170871
13 1 0.261698091
14 1 0.0132701223
15 1 0.00453876066
16 1 0.281998737
17 1 -0.288775115
18 1 -31.6982748
19 1 -0.985285363
20 1 -0.0898874478
21 1 0.219103644
22 1 -0.506026312
23 1 -0.541383103
24 1 -4.83800455
25 1 -2.17366006
26 1 -0.0589088499
27 1 0.0461003736
28 1 -0.734421868
29 1 0.900404723
30 1 -68.1267832
31 1 -1.170393
32 1 -0.0484705775
33 1 0.0466570463
34 1 -0.461821527
35 1 0.522867666
36 1 -22.6455385
61 1 0.678046572
62 1 -0.0971775989
63 1 0.033088404
64 1 0.290850425
65 1 1.4187004
66 1 -7.82152532
1 2 0.288474444
2 2 1272.51796
3 2 -0.249591439
4 2 0.129523782
5 2 0.25537825
6 2 1.11308053
7 2 -3.0360683
8 2 -0.0647542777
9 2 -0.0499524886
10 2 0.0300215008
11 2 -0.0323145192
12 2 -3.6081328
13 2 -0.579137155
14 2 -0.0293667442
15 2 -0.0100442648
16 2 0.0142995225
17 2 -0.0146431374
18 2 -1.60734831
19 2 -1.13009534
20 2 -0.103098442
21 2 0.251305882
22 2 -0.0461647107
23 2 -0.0493903058
24 2 -0.441370488
25 2 1.76224182
26 2 0.0477589118
27 2 -0.0373747524
28 2 -0.0199037321
29 2 0.0244020708
30 2 -1.84631927
31 2 1.01698389
32 2 0.0421173026
33 2 -0.0405414798
34 2 -0.0191258458
35 2 0.0216540065
36 2 -0.937840815
61 2 2.75711069
62 2 -0.395148958
63 2 0.134545909
64 2 -0.0416846676
65 2 -0.203328066
66 2 1.1209806
1 3 -0.381441549
2 3 -0.249591439
3 3 1274.83971
4 3 -0.207782248
5 3 -0.120458281
6 3 2.80560229
7 3 -169.170266
8 3 -3.60811988
9 3 -2.78336155
10 3 0.0231590673
11 3 -0.0249279385
12 3 -2.78337152
13 3 -31.7061692
14 3 -1.60774862
15 3 -0.549895924
16 3 0.0048908449
17 3 -0.00500837101
18 3 -0.549759007
19 3 -4.66761618
20 3 -0.42582598
21 3 1.03796499
22 3 0.112528018
23 3 0.120390513
24 3 1.07585524
25 3 -68.0887431
26 3 -1.84528833
27 3 1.44406964
28 3 0.015576089
29 3 -0.0190963596
30 3 1.44487642
31 3 -22.6089415
32 3 -0.936325188
33 3 0.901292494
34 3 0.0184102505
35 3 -0.0208438198
36 3 0.902751414
61 3 -7.44929059
62 3 1.06763193
63 3 -0.363522428
64 3 0.0141933855
65 3 0.0692320171
66 3 -0.381687336
1 4 -1.53566981
2 4 0.129523782
3 4 -0.207782248
4 4 1270.48486
5 4 0.069344751
6 4 -0.105548237
7 4 3.52755067
8 4 -169.135383
9 4 4.8517064
10 4 1.40791419
11 4 0.0149077975
12 4 0.0117145625
13 4 1.58244318
14 4 -31.6837943
15 4 1.39365506
16 4 0.282290508
17 4 0.007129742
18 4 0.00251135329
19 4 0.722732985
20 4 -4.75726276
21 4 1.29838107
22 4 -0.513617212
23 4 -0.0294004422
24 4 0.0537212855
25 4 1.82750644
26 4 -68.1426976
27 4 -0.907371927
28 4 -0.734683761
29 4 -0.00984953138
30 4 0.00792005426
31 4 0.914294874
32 4 -22.6610114
33 4 -0.606724764
34 4 -0.462270058
35 4 -0.00935174626
36 4 0.00942729908
61 4 -0.865303575
62 4 -7.15931858
63 4 -3.29448547
64 4 0.28862567
65 4 -0.0192955799
66 4 0.0107328041
1 5 -0.54379456
2 5 0.25537825
3 5 -0.120458281
4 5 0.069344751
5 5 1272.13852
6 5 -0.0746189318
7 5 2.88521988
8 5 -4.79192935
9 5 -169.149264
10 5 -1.51544957
11 5 -0.0160464432
12 5 -0.0126093115
13 5 0.619288299
14 5 -1.36425225
15 5 -31.7185201
16 5 -0.289073897
17 5 -0.00730106839
18 5 -0.00257170065
19 5 -0.913433279
20 5 -1.41869312
21 5 -4.68963056
22 5 -0.54950439
23 5 -0.0314546937
24 5 0.0574748695
25 5 -1.46893527
26 5 0.868099115
27 5 -68.1518816
28 5 0.900725805
29 5 0.0120755726
30 5 -0.00971002441
31 5 -0.926964875
32 5 0.569337073
33 5 -22.6614668
34 5 0.523375486
35 5 0.0105879121
36 5 -0.0106734519
61 5 0.812280587
62 5 3.21561365
63 5 -7.2012677
64 5 1.40784856
65 5 -0.0941193291
66 5 0.0523521099
1 6 470.491043
2 6 1.11308053
3 6 2.80560229
4 6 -0.105548237
5 6 -0.0746189318
6 6 1273.53791
7 6 0.0040991795
8 6 -1.38068256
9 6 1.54065823
10 6 -169.210108
11 6 -1.79169301
12 6 -1.40791419
13 6 0.00893372505
14 6 -0.276861528
15 6 0.294363958
16 6 -31.7310715
17 6 -0.801423877
18 6 -0.282290508
19 6 0.036600015
20 6 0.632285563
21 6 0.423981971
22 6 -4.91057945
23 6 -0.281091062
24 6 0.513617212
25 6 -0.0392197274
26 6 0.75787916
27 6 -0.880786037
28 6 -68.151077
29 6 -0.913666815
30 6 0.734683761
31 6 -0.0400767835
32 6 0.485433932
33 6 -0.501024515
34 6 -22.6675323
35 6 -0.458565306
36 6 0.462270058
61 6 0.102188872
62 6 0.221237924
63 6 -1.44429583
64 6 -7.7616974
65 6 0.518895122
66 6 -0.28862567
1 7 1.15557217
2 7 -3.0360683
3 7 -169.170266
4 7 3.52755067
5 7 2.88521988
6 7 0.0040991795
7 7 1257.01208
8 7 -0.324226816
9 7 -1.37546677
10 7 -11.3859422
11 7 -6.42705868
12 7 791.313845
13 7 10.1194592
14 7 0.0672875887
15 7 0.566461763
16 7 6.18306757
17 7 3.61410611
18 7 -221.517368
19 7 -0.445635914
20 7 -0.000414621197
21 7 -0.0033329634
22 7 0.658586595
23 7 0.747942217
24 7 -176.208993
25 7 -1.36316343
26 7 0.0652373196
27 7 0.228778781
28 7 -0.649976015
29 7 0.181741893
30 7 -7.85603899
31 7 -2.39129401
32 7 0.11498212
33 7 0.143118771
34 7 -1.07316663
35 7 2.47070629
36 7 -37.8996592
55 7 0.036032882
56 7 1.93023297e-05
57 7 -8.30888381e-06
58 7 0.000428533038
59 7 -0.0882383101
60 7 3.51182651
1 8 0.0246464288
2 8 -0.0647542777
3 8 -3.60811988
4 8 -169.135383
5 8 -4.79192935
6 8 -1.38068256
7 8 -0.324226816
8 8 1272.27251
9 8 -0.110847277
10 8 -0.186777619
11 8 0.128375578
12 8 4.25652491
13 8 7.25637035
14 8 0.048249976
15 8 0.406193282
16 8 0.0411132354
17 8 0.0240313717
18 8 -1.47294131
19 8 1.49485454
20 8 0.00139081784
21 8 0.0111801929
22 8 0.000612751248
23 8 0.000695888028
24 8 -0.163945458
25 8 0.39899403
26 8 -0.0190947766
27 8 -0.066962894
28 8 0.0311060965
29 8 -0.00869767609
30 8 0.375968807
31 8 5.00109774
32 8 -0.240470983
33 8 -0.299315332
34 8 0.0516017579
35 8 -0.118800552
36 8 1.82235357
55 8 -0.176401887
56 8 -9.44961158e-05
57 8 4.06768125e-05
58 8 2.29559378e-07
59 8 -4.72680746e-05
60 8 0.00188123818
1 9 0.0190126506
2 9 -0.0499524886
3 9 -2.78336155
4 9 4.8517064
5 9 -169.149264
6 9 1.54065823
7 9 -1.37546677
8 9 -0.110847277
9 9 1294.67534
10 9 -0.807126497
11 9 -0.0588963144
12 9 22.6479097
13 9 -221.295708
14 9 -1.47146743
15 9 -12.3875747
16 9 0.346112503
17 9 0.20230853
18 9 -12.3999827
19 9 -176.213738
20 9 -0.163949872
21 9 -1.31792327
22 9 0.00492564658
23 9 0.00559394778
24 9 -1.31788778
25 9 -7.75901704
26 9 0.371325598
27 9 1.3021905
28 9 0.109085028
29 9 -0.030501617
30 9 1.31847363
31 9 -37.6034976
32 9 1.80811304
33 9 2.25056657
34 9 0.0642289438
35 9 -0.14787159
36 9 2.26829181
55 9 3.50849406
56 9 0.00187945303
57 9 -0.000809029639
58 9 -9.88161653e-08
59 9 2.03470227e-05
60 9 -0.000809798075
1 10 1.40758773
2 10 0.0300215008
3 10 0.0231590673
4 10 1.40791419
5 10 -1.51544957
6 10 -169.210108
7 10 -11.3859422
8 10 -0.186777619
9 10 -0.807126497
10 10 1260.62065
11 10 -0.100230781
12 10 -0.401466183
13 10 1.8300223
14 10 -221.772227
15 10 -6.3487385
16 10 6.18960545
17 10 0.0233862276
18 10 0.172766358
19 10 0.174493943
20 10 -176.208287
21 10 -1.41047959
22 10 0.65859469
23 10 0.000316828796
24 10 0.00246151814
25 10 -0.469907577
26 10 -7.9456173
27 10 -0.53418436
28 10 -0.657163538
29 10 0.0168732639
30 10 0.0543709799
31 10 -2.15365467
32 10 -37.5096849
33 10 -5.84883742
34 10 -1.07325668
35 10 0.0278557997
36 10 0.0303903328
55 10 -0.0018384353
56 10 3.50744198
57 10 0.175436248
58 10 0.000428397887
59 10 1.13502442e-07
60 10 -5.22755458e-08
1 11 -1.51509817
2 11 -0.0323145192
3 11 -0.0249279385
4 11 0.0149077975
5 11 -0.0160464432
6 11 -1.79169301
7 11 -6.42705868
8 11 0.128375578
9 11 -0.0588963144
10 11 -0.100230781
11 11 1272.07875
12 11 -0.033140398
13 11 12.3524237
14 11 6.44095296
15 11 -221.432852
16 11 3.61792761
17 11 0.01366964
18 11 0.100984817
19 11 1.31653279
20 11 1.41174456
21 11 -176.203445
22 11 0.74795141
23 11 0.00035981545
24 11 0.00279549166
25 11 -1.2884686
26 11 0.603920798
27 11 -7.84946677
28 11 0.183751619
29 11 -0.00471798781
30 11 -0.0152028453
31 11 -1.95795682
32 11 5.96019446
33 11 -37.5028809
34 11 2.47091361
35 11 -0.0641312334
36 11 -0.0699663819
55 11 0.000902765721
56 11 -0.175435794
57 11 3.50744237
58 11 -0.0882104814
59 11 -2.33710421e-05
60 11 1.07639445e-05
1 12 -169.170871
2 12 -3.6081328
3 12 -2.78337152
4 12 0.0117145625
5 12 -0.0126093115
6 12 -1.40791419
7 12 791.313845
8 12 4.25652491
9 12 22.6479097
10 12 -0.401466183
11 12 -0.033140398
12 12 1283.40213
13 12 0.253799065
14 12 -6.07065883
15 12 -3.81284216
16 12 -221.751597
17 12 -0.837845538
18 12 -6.18960545
19 12 0.00624238227
20 12 -0.65222912
21 12 -0.753504137
22 12 -176.211159
23 12 -0.0847695409
24 12 -0.65859469
25 12 0.00605049664
26 12 0.667481764
27 12 -0.154284
28 12 -7.94291213
29 12 0.203941401
30 12 0.657163538
31 12 -0.0716923695
32 12 1.39065102
33 12 -2.31512285
34 12 -37.9028394
35 12 0.983747805
36 12 1.07325668
55 12 2.2919476e-05
56 12 -0.00485934884
57 12 0.0881054588
58 12 3.51071895
59 12 0.000930152052
60 12 -0.000428397887
1 13 0.261698091
2 13 -0.579137155
3 13 -31.7061692
4 13 1.58244318
5 13 0.619288299
6 13 0.00893372505
7 13 10.1194592
8 13 7.25637035
9 13 -221.295708
10 13 1.8300223
11 13 12.3524237
12 13 0.253799065
13 13 1266.94823
14 13 -0.959938437
15 13 -3.17161611
16 13 -5.07207956
17 13 -6.12086591
18 13 624.063357
19 13 -12.30829
20 13 -0.1405771
21 13 0.516643428
22 13 -4.9662624
23 13 1.48739441
24 13 -236.335362
25 13 -3.97918753
26 13 -0.0580502704
27 13 0.508093605
28 13 -1.84667726
29 13 0.449628924
30 13 -28.9924656
31 13 -1.08575865
32 13 -0.0202111029
33 13 0.197180265
34 13 -0.516237306
35 13 0.0593243274
36 13 -5.72614501
37 13 3.60625805
38 13 2.01827612
39 13 0.529795395
40 13 1.4188641
41 13 -2.15957292
42 13 -12.5893642
1 14 0.0132701223
2 14 -0.0293667442
3 14 -1.60774862
4 14 -31.6837943
5 14 -1.36425225
6 14 -0.276861528
7 14 0.0672875887
8 14 0.048249976
9 14 -1.47146743
10 14 -221.772227
11 14 6.44095296
12 14 -6.07065883
13 14 -0.959938437
14 14 1274.50783
15 14 -0.183570999
16 14 -0.264305233
17 14 1.49678124
18 14 3.85868363
19 14 2.89168409
20 14 0.0330268919
21 14 -0.121379134
22 14 -0.0567213451
23 14 0.0169880294
24 14 -2.69926527
25 14 0.869972133
26 14 0.0126915651
27 14 -0.111084807
28 14 -0.0269402016
29 14 0.00655939948
30 14 -0.422955805
31 14 0.108573976
32 14 0.00202107512
33 14 -0.0197176835
34 14 -0.00960961747
35 14 0.00110430627
36 14 -0.106590637
37 14 -3.50563237
38 14 -1.96196002
39 14 -0.515012476
40 14 0.794080596
41 14 -1.20862523
42 14 -7.04575571
1 15 0.00453876066
2 15 -0.0100442648
3 15 -0.549895924
4 15 1.39365506
5 15 -31.7185201
6 15 0.294363958
7 15 0.566461763
8 15 0.406193282
9 15 -12.3875747
10 15 -6.3487385
11 15 -221.432852
12 15 -3.81284216
13 15 -3.17161611
14 15 -0.183570999
15 15 1280.87038
16 15 -1.55133243
17 15 -0.0466962307
18 15 8.8988982
19 15 -236.069372
20 15 -2.69622731
21 15 9.90906855
22 15 0.208460056
23 15 -0.0624337375
24 15 9.92023354
25 15 -28.7698142
26 15 -0.419707662
27 15 3.67355359
28 15 0.235798112
29 15 -0.0574121172
30 15 3.70198344
31 15 -5.64567628
32 15 -0.105092733
33 15 1.02528858
34 15 0.0937517826
35 15 -0.0107736527
36 15 1.03990218
37 15 -12.2326405
38 15 -6.8461119
39 15 -1.7970973
40 15 0.208445336
41 15 -0.317262873
42 15 -1.84950359
1 16 0.281998737
2 16 0.0142995225
3 16 0.0048908449
4 16 0.282290508
5 16 -0.289073897
6 16 -31.7310715
7 16 6.18306757
8 16 0.0411132354
9 16 0.346112503
10 16 6.18960545
11 16 3.61792761
12 16 -221.751597
13 16 -5.07207956
14 16 -0.264305233
15 16 -1.55133243
16 16 1266.77753
17 16 -0.134973224
18 16 -0.856807352
19 16 2.62968864
20 16 -236.541726
21 16 -1.71371465
22 16 -4.96968642
23 16 -0.0277106907
24 16 0.104431121
25 16 0.331269094
26 16 -29.2201461
27 16 -0.744066701
28 16 -1.85784122
29 16 -0.0116640785
30 16 0.118335335
31 16 0.093668399
32 16 -5.81966793
33 16 -0.0807415124
34 16 -0.522603817
35 16 -0.00433659316
36 16 0.0471150461
37 16 5.01189271
38 16 -11.2100054
39 16 8.58955704
40 16 1.56041427
41 16 0.386935819
42 16 0.175863987
1 17 -0.288775115
2 17 -0.0146431374
3 17 -0.00500837101
4 17 0.007129742
5 17 -0.00730106839
6 17 -0.801423877
7 17 3.61410611
8 17 0.0240313717
9 17 0.20230853
10 17 0.0233862276
11 17 0.01366964
12 17 -0.837845538
13 17 -6.12086591
14 17 1.49678124
15 17 -0.0466962307
16 17 -0.134973224
17 17 1272.7387
18 17 0.0803292117
19 17 -9.93906889
20 17 1.60181794
21 17 -236.348237
22 17 1.48841991
23 17 0.0082993453
24 17 -0.031277096
25 17 -3.71138533
26 17 0.696042962
27 17 -28.9865737
28 17 0.452347123
29 17 0.00283996948
30 17 -0.0288122838
31 17 -1.04118183
32 17 0.0626946139
33 17 -5.72676502
34 17 0.0600559463
35 17 0.000498347309
36 17 -0.00541430925
37 17 5.58633016
38 17 -6.79738203
39 17 -12.1306344
40 17 -2.37501843
41 17 -0.588933156
42 17 -0.267672642
1 18 -31.6982748
2 18 -1.60734831
3 18 -0.549759007
4 18 0.00251135329
5 18 -0.00257170065
6 18 -0.282290508
7 18 -221.517368
8 18 -1.47294131
9 18 -12.3999827
10 18 0.172766358
11 18 0.100984817
12 18 -6.18960545
13 18 624.063357
14 18 3.85868363
15 18 8.8988982
16 18 -0.856807352
17 18 0.0803292117
18 18 1277.24524
19 18 -0.116735652
20 18 4.9886381
21 18 -1.42366658
22 18 -236.498305
23 18 -1.31870119
24 18 4.96968642
25 18 -0.0772031771
26 18 1.8744668
27 18 -0.390464696
28 18 -29.1677374
29 18 -0.183123712
30 18 1.85784122
31 18 -0.0184593979
32 18 0.525735556
33 18 -0.0477570891
34 18 -5.79676285
35 18 -0.0481018341
36 18 0.522603817
37 18 -0.0227117803
38 18 -0.71992168
39 18 2.89716613
40 18 -13.8453172
41 18 -3.43322236
42 18 -1.56041427
1 19 -0.985285363
2 19 -1.13009534
3 19 -4.66761618
4 19 0.722732985
5 19 -0.913433279
6 19 0.036600015
7 19 -0.445635914
8 19 1.49485454
9 19 -176.213738
10 19 0.174493943
11 19 1.31653279
12 19 0.00624238227
13 19 -12.30829
14 19 2.89168409
15 19 -236.069372
16 19 2.62968864
17 19 -9.93906889
18 19 -0.116735652
19 19 1213.97738
20 19 17.1489091
21 19 -19.6445112
22 19 -33.6515005
23 19 -56.8141622
24 19 1564.18019
25 19 -8.07362296
26 19 0.0348740316
27 19 0.185617724
28 19 -2.81448666
29 19 1.22682672
30 19 -245.101642
31 19 -17.4060123
32 19 -0.301245314
33 19 1.2062572
34 19 -7.59856701
35 19 1.94326073
36 19 -219.085186
43 19 -7.64131387
44 19 -0.446679553
45 19 0.920227788
46 19 -3.5409568
47 19 -0.21694519
48 19 -59.1738146
67 19 0.162579326
68 19 -0.00228037323
69 19 0.00598446065
70 19 0.109046121
71 19 0.246895586
72 19 -5.83311128
1 20 -0.0898874478
2 20 -0.103098442
3 20 -0.42582598
4 20 -4.75726276
5 20 -1.41869312
6 20 0.632285563
7 20 -0.000414621197
8 20 0.00139081784
9 20 -0.163949872
10 20 -176.208287
11 20 1.41174456
12 20 -0.65222912
13 20 -0.1405771
14 20 0.0330268919
15 20 -2.69622731
16 20 -236.541726
17 20 1.60181794
18 20 4.9886381
19 20 17.1489091
20 20 1287.01197
21 20 -15.2258068
22 20 8.5228872
23 20 8.0519271
24 20 -86.1328074
25 20 2.47651841
26 20 -0.0106973266
27 20 -0.0569367327
28 20 0.0121571811
29 20 -0.00529928064
30 20 1.05871707
31 20 3.71946193
32 20 0.0643726122
33 20 -0.257763103
34 20 -0.131508163
35 20 0.0336319532
36 20 -3.79170052
43 20 -0.674454559
44 20 -0.0394258194
45 20 0.081223182
46 20 -0.206989665
47 20 -0.0126817171
48 20 -3.45905606
67 20 0.492714673
68 20 -0.00691092391
69 20 0.0181365715
70 20 -0.00152950478
71 20 -0.00346301156
72 20 0.0818164963
1 21 0.219103644
2 21 0.251305882
3 21 1.03796499
4 21 1.29838107
5 21 -4.68963056
6 21 0.423981971
7 21 -0.0033329634
8 21 0.0111801929
9 21 -1.31792327
10 21 -1.41047959
11 21 -176.203445
12 21 -0.753504137
13 21 0.516643428
14 21 -0.121379134
15 21 9.90906855
16 21 -1.71371465
17 21 -236.348237
18 21 -1.42366658
19 21 -19.6445112
20 21 -15.2258068
21 21 1330.91602
22 21 -9.63584581
23 21 -8.16228853
24 21 60.4476074
25 21 -244.988221
26 21 1.05822714
27 21 5.63243496
28 21 0.0647068375
29 21 -0.0282055263
30 21 5.63504257
31 21 -218.520413
32 21 -3.781926
33 21 15.1437226
34 21 0.526589664
35 21 -0.134670263
36 21 15.182862
43 21 -58.8102257
44 21 -3.43780215
45 21 7.0823951
46 21 0.426430179
47 21 0.0261262652
48 21 7.12618137
67 21 -5.81666289
68 21 0.0815857876
69 21 -0.214108344
70 21 0.00401393117
71 21 0.00908809844
72 21 -0.214713801
1 22 -0.506026312
2 22 -0.0461647107
3 22 0.112528018
4 22 -0.513617212
5 22 -0.54950439
6 22 -4.91057945
7 22 0.658586595
8 22 0.000612751248
9 22 0.00492564658
10 22 0.65859469
11 22 0.74795141
12 22 -176.211159
13 22 -4.9662624
14 22 -0.0567213451
15 22 0.208460056
16 22 -4.96968642
17 22 1.48841991
18 22 -236.498305
19 22 -33.6515005
20 22 8.5228872
21 22 -9.63584581
22 22 1237.64705
23 22 3.92617298
24 22 -5.16747831
25 22 -1.12754235
26 22 -245.148536
27 22 -2.98481192
28 22 -2.81502887
29 22 0.00624088026
30 22 0.0323247985
31 22 3.64888236
32 22 -219.609764
33 22 -2.19183877
34 22 -7.612786
35 22 -0.0634565212
36 22 0.26403549
43 22 3.71939055
44 22 -59.5789908
45 22 1.96507177
46 22 -3.56461364
47 22 -0.10450708
48 22 0.213306223
67 22 -0.0620038477
68 22 -5.81324708
69 22 -0.530679279
70 22 0.10901194
71 22 -0.000679327915
72 22 0.00203790546
1 23 -0.541383103
2 23 -0.0493903058
3 23 0.120390513
4 23 -0.0294004422
5 23 -0.0314546937
6 23 -0.281091062
7 23 0.747942217
8 23 0.000695888028
9 23 0.00559394778
10 23 0.000316828796
11 23 0.00035981545
12 23 -0.0847695409
13 23 1.48739441
14 23 0.0169880294
15 23 -0.0624337375
16 23 -0.0277106907
17 23 0.0082993453
18 23 -1.31870119
19 23 -56.8141622
20 23 8.0519271
21 23 -8.16228853
22 23 3.92617298
23 23 1275.70795
24 23 -4.42670775
25 23 -5.62168982
26 23 3.0099114
27 23 -245.086356
28 23 1.22706307
29 23 -0.00272038194
30 23 -0.0140902877
31 23 -15.2183759
32 23 1.93403928
33 23 -219.114645
34 23 1.9468971
35 23 0.0162283975
36 23 -0.0675245476
43 23 -6.99768517
44 23 -2.3916563
45 23 -59.2677307
46 23 -0.218394583
47 23 -0.0064028763
48 23 0.0130687161
67 23 0.221254443
68 23 0.527987477
69 23 -5.8096112
70 23 0.246818195
71 23 -0.00153809288
72 23 0.00461410139
1 24 -4.83800455
2 24 -0.441370488
3 24 1.07585524
4 24 0.0537212855
5 24 0.0574748695
6 24 0.513617212
7 24 -176.208993
8 24 -0.163945458
9 24 -1.31788778
10 24 0.00246151814
11 24 0.00279549166
12 24 -0.65859469
13 24 -236.335362
14 24 -2.69926527
15 24 9.92023354
16 24 0.104431121
17 24 -0.031277096
18 24 4.96968642
19 24 1564.18019
20 24 -86.1328074
21 24 60.4476074
22 24 -5.16747831
23 24 -4.42670775
24 24 1306.37572
25 24 -0.0153467442
26 24 2.82743323
27 24 -1.19874232
28 24 -245.148861
29 24 0.543491651
30 24 2.81502887
31 24 -0.257392276
32 24 7.64906202
33 24 -1.80386823
34 24 -219.495154
35 24 -1.829606
36 24 7.612786
43 24 -0.184078271
44 24 3.5686954
45 24 0.203714149
46 24 -59.56915
47 24 -1.74644395
48 24 3.56461364
67 24 0.00816337381
68 24 -0.0879183057
69 24 -0.255274861
70 24 -5.83128287
71 24 0.0363387094
72 24 -0.10901194
1 25 -2.17366006
2 25 1.76224182
3 25 -68.0887431
4 25 1.82750644
5 25 -1.46893527
6 25 -0.0392197274
7 25 -1.36316343
8 25 0.39899403
9 25 -7.75901704
10 25 -0.469907577
11 25 -1.2884686
12 25 0.00605049664
13 25 -3.97918753
14 25 0.869972133
15 25 -28.7698142
16 25 0.331269094
17 25 -3.71138533
18 25 -0.0772031771
19 25 -8.07362296
20 25 2.47651841
21 25 -244.988221
22 25 -1.12754235
23 25 -5.62168982
24 25 -0.0153467442
25 25 1322.78643
26 25 0.978541074
27 25 -3.9752158
28 25 21.4429382
29 25 -4.39488503
30 25 809.992187
31 25 -8.92034987
32 25 -0.153730881
33 25 0.316975452
34 25 -3.47872491
35 25 0.544428158
36 25 -195.60941
37 25 -7.57116897
38 25 -0.264047527
39 25 0.50759822
40 25 -3.29356645
41 25 0.234962591
42 25 -98.2693761
43 25 -18.0107653
44 25 -0.442614404
45 25 1.93154645
46 25 -8.24450795
47 25 0.520716622
48 25 -154.096924
55 25 -1.00770645
56 25 -0.0328715282
57 25 0.247086912
58 25 -0.502186957
59 25 -0.444453853
60 25 -4.21704191
1 26 -0.0589088499
2 26 0.0477589118
3 26 -1.84528833
4 26 -68.1426976
5 26 0.868099115
6 26 0.75787916
7 26 0.0652373196
8 26 -0.0190947766
9 26 0.371325598
10 26 -7.9456173
11 26 0.603920798
12 26 0.667481764
13 26 -0.0580502704
14 26 0.0126915651
15 26 -0.419707662
16 26 -29.2201461
17 26 0.696042962
18 26 1.8744668
19 26 0.0348740316
20 26 -0.0106973266
21 26 1.05822714
22 26 -245.148536
23 26 3.0099114
24 26 2.82743323
25 26 0.978541074
26 26 1272.28606
27 26 0.176758997
28 26 0.423024359
29 26 0.131732041
30 26 9.9292875
31 26 0.995376524
32 26 0.017154048
33 26 -0.0353696804
34 26 -0.059951398
35 26 0.00938252666
36 26 -3.37107931
37 26 0.321298694
38 26 0.0112054197
39 26 -0.0215410125
40 26 -0.114864439
41 26 0.00819441375
42 26 -3.42718355
43 26 0.803444834
44 26 0.01974465
45 26 -0.0861646347
46 26 -0.202608713
47 26 0.0127966066
48 26 -3.78693059
55 26 -0.907427281
56 26 -0.0296004074
57 26 0.222498729
58 26 -0.0163814102
59 26 -0.0144981481
60 26 -0.137560509
1 27 0.0461003736
2 27 -0.0373747524
3 27 1.44406964
4 27 -0.907371927
5 27 -68.1518816
6 27 -0.880786037
7 27 0.228778781
8 27 -0.066962894
9 27 1.3021905
10 27 -0.53418436
11 27 -7.84946677
12 27 -0.154284
13 27 0.508093605
14 27 -0.111084807
15 27 3.67355359
16 27 -0.744066701
17 27 -28.9865737
18 27 -0.390464696
19 27 0.185617724
20 27 -0.0569367327
21 27 5.63243496
22 27 -2.98481192
23 27 -245.086356
24 27 -1.19874232
25 27 -3.9752158
26 27 0.176758997
27 27 1229.08898
28 27 -1.77818101
29 27 0.108957905
30 27 -43.118135
31 27 -195.452065
32 27 -3.36836768
33 27 6.94518799
34 27 0.12361291
35 27 -0.0193456943
36 27 6.95077906
37 27 -98.052106
38 27 -3.41960617
39 27 6.57376353
40 27 0.220812463
41 27 -0.0157527316
42 27 6.5883301
43 27 -153.280504
44 27 -3.76686708
45 27 16.4384138
46 27 0.884173979
47 27 -0.0558437315
48 27 16.5259699
55 27 -4.05103065
56 27 -0.132145198
57 27 0.99330182
58 27 0.123134891
59 27 0.108978889
60 27 1.03400734
1 28 -0.734421868
2 28 -0.0199037321
3 28 0.015576089
4 28 -0.734683761
5 28 0.900725805
6 28 -68.151077
7 28 -0.649976015
8 28 0.0311060965
9 28 0.109085028
10 28 -0.657163538
11 28 0.183751619
12 28 -7.94291213
13 28 -1.84667726
14 28 -0.0269402016
15 28 0.235798112
16 28 -1.85784122
17 28 0.452347123
18 28 -29.1677374
19 28 -2.81448666
20 28 0.0121571811
21 28 0.0647068375
22 28 -2.81502887
23 28 1.22706307
24 28 -245.148861
25 28 21.4429382
26 28 0.423024359
27 28 -1.77818101
28 28 1293.52692
29 28 0.212842627
30 28 -0.891319571
31 28 3.39202278
32 28 -195.738975
33 28 0.526554564
34 28 -3.48074519
35 28 -0.0298093667
36 28 0.0619017001
37 28 3.51011628
38 28 -98.4955117
39 28 1.11936402
40 28 -3.30059989
41 28 -0.0572087555
42 28 0.1106219
43 28 3.87492877
44 28 -154.988441
45 28 0.616250387
46 28 -8.28176429
47 28 -0.0999599157
48 28 0.443091723
55 28 0.378397905
56 28 -4.21652863
57 28 0.982287037
58 28 -0.510695891
59 28 -0.0147066942
60 28 0.0608162831
1 29 0.900404723
2 29 0.0244020708
3 29 -0.0190963596
4 29 -0.00984953138
5 29 0.0120755726
6 29 -0.913666815
7 29 0.181741893
8 29 -0.00869767609
9 29 -0.030501617
10 29 0.0168732639
11 29 -0.00471798781
12 29 0.203941401
13 29 0.449628924
14 29 0.00655939948
15 29 -0.0574121172
16 29 -0.0116640785
17 29 0.00283996948
18 29 -0.183123712
19 29 1.22682672
20 29 -0.00529928064
21 29 -0.0282055263
22 29 0.00624088026
23 29 -0.00272038194
24 29 0.543491651
25 29 -4.39488503
26 29 0.131732041
27 29 0.108957905
28 29 0.212842627
29 29 1272.08376
30 29 0.0471230868
31 29 -6.94089791
32 29 -0.646582573
33 29 -195.644921
34 29 0.544744336
35 29 0.00466523195
36 29 -0.00968775324
37 29 -6.54578745
38 29 -1.35084282
39 29 -98.3375188
40 29 0.235464355
41 29 0.00408126498
42 29 -0.00789175155
43 29 -16.5068267
44 29 -1.02562421
45 29 -154.153444
46 29 0.523069703
47 29 0.00631338947
48 29 -0.0279853239
55 29 -0.972528372
56 29 -1.04361593
57 29 -4.10514809
58 29 -0.451984571
59 29 -0.0130159631
60 29 0.0538246384
1 30 -68.1267832
2 30 -1.84631927
3 30 1.44487642
4 30 0.00792005426
5 30 -0.00971002441
6 30 0.734683761
7 30 -7.85603899
8 30 0.375968807
9 30 1.31847363
10 30 0.0543709799
11 30 -0.0152028453
12 30 0.657163538
13 30 -28.9924656
14 30 -0.422955805
15 30 3.70198344
16 30 0.118335335
17 30 -0.0288122838
18 30 1.85784122
19 30 -245.101642
20 30 1.05871707
21 30 5.63504257
22 30 0.0323247985
23 30 -0.0140902877
24 30 2.81502887
25 30 809.992187
26 30 9.9292875
27 30 -43.118135
28 30 -0.891319571
29 30 0.0471230868
30 30 1250.49586
31 30 -0.0786600074
32 30 3.48373809
33 30 -0.524067902
34 30 -195.72301
35 30 -1.67618675
36 30 3.48074519
37 30 -0.129598941
38 30 3.3017904
39 30 -0.215497
40 30 -98.4792311
41 30 -1.70692433
42 30 3.30059989
43 30 -0.252557579
44 30 8.29451554
45 30 -0.454290517
46 30 -154.793277
47 30 -1.86833655
48 30 8.28176429
55 30 0.0618700625
56 30 0.602399225
57 30 0.332468618
58 30 -4.28849445
59 30 -0.123497325
60 30 0.510695891
1 31 -1.170393
2 31 1.01698389
3 31 -22.6089415
4 31 0.914294874
5 31 -0.926964875
6 31 -0.0400767835
7 31 -2.39129401
8 31 5.00109774
9 31 -37.6034976
10 31 -2.15365467
11 31 -1.95795682
12 31 -0.0716923695
13 31 -1.08575865
14 31 0.108573976
15 31 -5.64567628
16 31 0.093668399
17 31 -1.04118183
18 31 -0.0184593979
19 31 -17.4060123
20 31 3.71946193
21 31 -218.520413
22 31 3.64888236
23 31 -15.2183759
24 31 -0.257392276
25 31 -8.92034987
26 31 0.995376524
27 31 -195.452065
28 31 3.39202278
29 31 -6.94089791
30 31 -0.0786600074
31 31 1316.67421
32 31 -0.431818503
33 31 -1.59153076
34 31 17.3691798
35 31 -9.80347462
36 31 975.908186
37 31 -17.1107947
38 31 -0.286140391
39 31 0.569480852
40 31 -6.5809365
41 31 -0.236301849
42 31 -395.72148
43 31 -14.5018366
44 31 -0.256536256
45 31 0.951669235
46 31 -6.29793529
47 31 -0.335569498
48 31 -192.251723
49 31 24.0621355
50 31 1.54457473
51 31 -2.03301942
52 31 10.8958383
53 31 4.69513873
54 31 262.210027
55 31 -5.20989205
56 31 -0.153321103
57 31 0.121126106
58 31 -1.82209345
59 31 -0.0490044749
60 31 -156.861376
61 31 -0.745900996
62 31 -0.0337341073
63 31 0.0600988043
64 31 -0.335592449
65 31 -0.185388285
66 31 -8.45204235
1 32 -0.0484705775
2 32 0.0421173026
3 32 -0.936325188
4 32 -22.6610114
5 32 0.569337073
6 32 0.485433932
7 32 0.11498212
8 32 -0.240470983
9 32 1.80811304
10 32 -37.5096849
11 32 5.96019446
12 32 1.39065102
13 32 -0.0202111029
14 32 0.00202107512
15 32 -0.105092733
16 32 -5.81966793
17 32 0.0626946139
18 32 0.525735556
19 32 -0.301245314
20 32 0.0643726122
21 32 -3.781926
22 32 -219.609764
23 32 1.93403928
24 32 7.64906202
25 32 -0.153730881
26 32 0.017154048
27 32 -3.36836768
28 32 -195.738975
29 32 -0.646582573
30 32 3.48373809
31 32 -0.431818503
32 32 1271.62359
33 32 1.45805881
34 32 -0.254591724
35 32 -0.176138298
36 32 4.02761998
37 32 -0.648788241
38 32 -0.0108495558
39 32 0.0215929469
40 32 -0.110051683
41 32 -0.00395162849
42 32 -6.61757102
43 32 -0.816639642
44 32 -0.0144462859
45 32 0.0535912
46 32 -0.11140994
47 32 -0.0059361959
48 32 -3.40091664
49 32 10.2560818
50 32 0.658349079
51 32 -0.866540439
52 32 0.699415748
53 32 0.301386078
54 32 16.8315477
55 32 -0.197736966
56 32 -0.00581917041
57 32 0.00459723704
58 32 -0.0536221046
59 32 -0.00144214507
60 32 -4.61624904
61 32 -0.389821993
62 32 -0.0176300836
63 32 0.0314087738
64 32 -0.0151774991
65 32 -0.0083843678
66 32 -0.382251941
1 33 0.0466570463
2 33 -0.0405414798
3 33 0.901292494
4 33 -0.606724764
5 33 -22.6614668
6 33 -0.501024515
7 33 0.143118771
8 33 -0.299315332
9 33 2.25056657
10 33 -5.84883742
11 33 -37.5028809
12 33 -2.31512285
13 33 0.197180265
14 33 -0.0197176835
15 33 1.02528858
16 33 -0.0807415124
17 33 -5.72676502
18 33 -0.0477570891
19 33 1.2062572
20 33 -0.257763103
21 33 15.1437226
22 33 -2.19183877
23 33 -219.114645
24 33 -1.80386823
25 33 0.316975452
26 33 -0.0353696804
27 33 6.94518799
28 33 0.526554564
29 33 -195.644921
30 33 -0.524067902
31 33 -1.59153076
32 33 1.45805881
33 33 1237.5011
34 33 -0.614280234
35 33 0.708771712
36 33 -34.5585746
37 33 -395.439357
38 33 -6.61285315
39 33 13.1609985
40 33 0.219026492
41 33 0.00786458965
42 33 13.1703881
43 33 -191.823236
44 33 -3.39333675
45 33 12.5882175
46 33 0.413296015
47 33 0.0220214293
48 33 12.6163365
49 33 261.326182
50 33 16.7748128
51 33 -22.0795533
52 33 -0.920593722
53 33 -0.396694144
54 33 -22.1542298
55 33 -156.810138
56 33 -4.61474116
57 33 3.6457188
58 33 0.0423623142
59 33 0.00113931751
60 33 3.64691005
61 33 -8.42152695
62 33 -0.380871852
63 33 0.678540051
64 33 0.027039386
65 33 0.0149371221
66 33 0.680998741
1 34 -0.461821527
2 34 -0.0191258458
3 34 0.0184102505
4 34 -0.462270058
5 34 0.523375486
6 34 -22.6675323
7 34 -1.07316663
8 34 0.0516017579
9 34 0.0642289438
10 34 -1.07325668
11 34 2.47091361
12 34 -37.9028394
13 34 -0.516237306
14 34 -0.00960961747
15 34 0.0937517826
16 34 -0.522603817
17 34 0.0600559463
18 34 -5.79676285
19 34 -7.59856701
20 34 -0.131508163
21 34 0.526589664
22 34 -7.612786
23 34 1.9468971
24 34 -219.495154
25 34 -3.47872491
26 34 -0.059951398
27 34 0.12361291
28 34 -3.48074519
29 34 0.544744336
30 34 -195.72301
31 34 17.3691798
32 34 -0.254591724
33 34 -0.614280234
34 34 1289.37628
35 34 -0.140701831
36 34 -0.311577172
37 34 6.7434448
38 34 -395.93528
39 34 3.67461621
40 34 -6.58435779
41 34 -0.0551007728
42 34 0.109499339
43 34 3.5570165
44 34 -192.656679
45 34 2.26953742
46 34 -6.30882193
47 34 -0.0560978725
48 34 0.206669421
49 34 -18.3194595
50 34 262.61741
51 34 -17.3009177
52 34 10.9399493
53 34 0.358393119
54 34 -0.4545971
55 34 4.67214088
56 34 -156.901459
57 34 2.35329003
58 34 -1.82305409
59 34 -0.0268223795
60 34 0.0211764998
61 34 0.42730302
62 34 -8.46151252
63 34 0.553824282
64 34 -0.336583409
65 34 -0.00789176889
66 34 0.0133642078
1 35 0.522867666
2 35 0.0216540065
3 35 -0.0208438198
4 35 -0.00935174626
5 35 0.0105879121
6 35 -0.458565306
7 35 2.47070629
8 35 -0.118800552
9 35 -0.14787159
10 35 0.0278557997
11 35 -0.0641312334
12 35 0.983747805
13 35 0.0593243274
14 35 0.00110430627
15 35 -0.0107736527
16 35 -0.00433659316
17 35 0.000498347309
18 35 -0.0481018341
19 35 1.94326073
20 35 0.0336319532
21 35 -0.134670263
22 35 -0.0634565212
23 35 0.0162283975
24 35 -1.829606
25 35 0.544428158
26 35 0.00938252666
27 35 -0.0193456943
28 35 -0.0298093667
29 35 0.00466523195
30 35 -1.67618675
31 35 -9.80347462
32 35 -0.176138298
33 35 0.708771712
34 35 -0.140701831
35 35 1271.92654
36 35 0.345972501
37 35 -13.1069651
38 35 -3.89634945
39 35 -395.773608
40 35 -0.236424698
41 35 -0.00197850481
42 35 0.00393179548
43 35 -12.573755
44 35 -2.49720204
45 35 -192.276009
46 35 -0.336149566
47 35 -0.00298903277
48 35 0.0110118556
49 35 20.9604172
50 35 18.7435137
51 35 262.320738
52 35 4.71414664
53 35 0.154435608
54 35 -0.195890981
55 35 -3.57607321
56 35 -2.46018421
57 35 -156.928627
58 35 -0.0490303111
59 35 -0.000721377177
60 35 0.000569533499
61 35 -0.653929077
62 35 -0.585757913
63 35 -8.44486636
64 35 -0.185935712
65 35 -0.00435957812
66 35 0.0073826678
1 36 -22.6455385
2 36 -0.937840815
3 36 0.902751414
4 36 0.00942729908
5 36 -0.0106734519
6 36 0.462270058
7 36 -37.8996592
8 36 1.82235357
9 36 2.26829181
10 36 0.0303903328
11 36 -0.0699663819
12 36 1.07325668
13 36 -5.72614501
14 36 -0.106590637
15 36 1.03990218
16 36 0.0471150461
17 36 -0.00541430925
18 36 0.522603817
19 36 -219.085186
20 36 -3.79170052
21 36 15.182862
22 36 0.26403549
23 36 -0.0675245476
24 36 7.612786
25 36 -195.60941
26 36 -3.37107931
27 36 6.95077906
28 36 0.0619017001
29 36 -0.00968775324
30 36 3.48074519
31 36 975.908186
32 36 4.02761998
33 36 -34.5585746
34 36 -0.311577172
35 36 0.345972501
36 36 1254.64649
37 36 -0.102453319
38 36 6.58492128
39 36 0.23030492
40 36 -395.927207
41 36 -3.31329125
42 36 6.58435779
43 36 -0.0908514756
44 36 6.31279806
45 36 0.317282853
46 36 -192.58405
47 36 -1.71245212
48 36 6.30882193
49 36 0.346275116
50 36 -11.1079309
51 36 -4.34079013
52 36 263.271564
53 36 8.62478562
54 36 -10.9399493
55 36 -0.0525101464
56 36 1.82263236
57 36 0.048509847
58 36 -156.944077
59 36 -2.30909967
60 36 1.82305409
61 36 -0.00179337773
62 36 0.344820705
63 36 0.171293531
64 36 -8.4770001
65 36 -0.198757645
66 36 0.336583409
13 37 3.60625805
14 37 -3.50563237
15 37 -12.2326405
16 37 5.01189271
17 37 5.58633016
18 37 -0.0227117803
25 37 -7.57116897
26 37 0.321298694
27 37 -98.052106
28 37 3.51011628
29 37 -6.54578745
30 37 -0.129598941
31 37 -17.1107947
32 37 -0.648788241
33 37 -395.439357
34 37 6.7434448
35 37 -13.1069651
36 37 -0.102453319
37 37 1255.14985
38 37 -4.07380499
39 37 1.16874772
40 37 -10.0902943
41 37 -14.7645387
42 37 294.512362
43 37 -8.37725563
44 37 -0.00637141686
45 37 0.285806547
46 37 -3.23977556
47 37 -0.453219349
48 37 -189.987048
49 37 44.9866911
50 37 2.61809473
51 37 -3.35709116
52 37 20.3289487
53 37 19.8135817
54 37 561.505185
55 37 -1.97433523
56 37 -0.0127337008
57 37 0.0542843718
58 37 -0.724865454
59 37 -0.551198028
60 37 -52.8668583
61 37 0.796853586
62 37 0.00588601156
63 37 0.0162413559
64 37 0.76975749
65 37 -1.21971155
66 37 -75.1004364
67 37 2.50529078
68 37 0.000841169103
69 37 0.225136699
70 37 1.41186804
71 37 -0.664001907
72 37 -31.4829845
13 38 2.01827612
14 38 -1.96196002
15 38 -6.8461119
16 38 -11.2100054
17 38 -6.79738203
18 38 -0.71992168
25 38 -0.264047527
26 38 0.0112054197
27 38 -3.41960617
28 38 -98.4955117
29 38 -1.35084282
30 38 3.3017904
31 38 -0.286140391
32 38 -0.0108495558
33 38 -6.61285315
34 38 -395.93528
35 38 -3.89634945
36 38 6.58492128
37 38 -4.07380499
38 38 1271.60647
39 38 3.69072714
40 38 -1.75127099
41 38 0.0644216859
42 38 -14.5366876
43 38 -0.910475143
44 38 -0.000692472205
45 38 0.0310626496
46 38 -0.00246404808
47 38 -0.00034470112
48 38 -0.144496806
49 38 41.1160655
50 38 2.39283556
51 38 -3.06824922
52 38 1.18308576
53 38 1.1530929
54 38 32.6779705
55 38 -1.11051635
56 38 -0.00716240217
57 38 0.030533661
58 38 -0.00467510262
59 38 -0.0035550147
60 38 -0.340970847
61 38 -2.43907591
62 38 -0.0180163951
63 38 -0.0497128968
64 38 0.00568586446
65 38 -0.00900947982
66 38 -0.554734326
67 38 -1.32867585
68 38 -0.000446112315
69 38 -0.119400788
70 38 0.000474044681
71 38 -0.000222943338
72 38 -0.0105706348
13 39 0.529795395
14 39 -0.515012476
15 39 -1.7970973
16 39 8.58955704
17 39 -12.1306344
18 39 2.89716613
25 39 0.50759822
26 39 -0.0215410125
27 39 6.57376353
28 39 1.11936402
29 39 -98.3375188
30 39 -0.215497
31 39 0.569480852
32 39 0.0215929469
33 39 13.1609985
34 39 3.67461621
35 39 -395.773608
36 39 0.23030492
37 39 1.16874772
38 39 3.69072714
39 39 1292.22558
40 39 0.595717732
41 39 1.85763416
42 39 20.4171347
43 39 -189.837798
44 39 -0.144383292
45 39 6.47668974
46 39 0.110531313
47 39 0.0154624692
48 39 6.4817817
49 39 559.197274
50 39 32.5436568
51 39 -41.7295911
52 39 -1.51702942
53 39 -1.47857063
54 39 -41.9018169
55 39 -52.8291016
56 39 -0.340727331
57 39 1.45253681
58 39 0.0199301847
59 39 0.0151551967
60 39 1.45357493
61 39 -75.0746702
62 39 -0.554544002
63 39 -1.5301612
64 39 0.0156890872
65 39 -0.0248599866
66 39 -1.53068637
67 39 -31.3953927
68 39 -0.0105412252
69 39 -2.82133122
70 39 0.126876813
71 39 -0.0596701982
72 39 -2.82920261
13 40 1.4188641
14 40 0.794080596
15 40 0.208445336
16 40 1.56041427
17 40 -2.37501843
18 40 -13.8453172
25 40 -3.29356645
26 40 -0.114864439
27 40 0.220812463
28 40 -3.30059989
29 40 0.235464355
30 40 -98.4792311
31 40 -6.5809365
32 40 -0.110051683
33 40 0.219026492
34 40 -6.58435779
35 40 -0.236424698
36 40 -395.927207
37 40 -10.0902943
38 40 -1.75127099
39 40 0.595717732
40 40 1261.73217
41 40 -0.891046138
42 40 0.205423333
43 40 0.178147471
44 40 -190.095027
45 40 0.983925135
46 40 -3.24118071
47 40 -0.00136405631
48 40 0.0552705995
49 40 -36.7487056
50 40 560.337697
51 40 -55.4603638
52 40 20.3843693
53 40 0.61861194
54 40 -0.738003509
55 40 0.376073688
56 40 -52.8715137
57 40 1.27560647
58 40 -0.7250428
59 40 -0.0024415595
60 40 0.009941171
61 40 0.499274921
62 40 -75.0680163
63 40 2.70926887
64 40 0.769791619
65 40 0.00271532983
66 40 0.00789013877
67 40 -0.106525993
68 40 -31.5827991
69 40 1.3034084
70 40 1.41581957
71 40 -0.00110180689
72 40 0.0634930401
13 41 -2.15957292
14 41 -1.20862523
15 41 -0.317262873
16 41 0.386935819
17 41 -0.588933156
18 41 -3.43322236
25 41 0.234962591
26 41 0.00819441375
27 41 -0.0157527316
28 41 -0.0572087555
29 41 0.00408126498
30 41 -1.70692433
31 41 -0.236301849
32 41 -0.00395162849
33 41 0.00786458965
34 41 -0.0551007728
35 41 -0.00197850481
36 41 -3.31329125
37 41 -14.7645387
38 41 0.0644216859
39 41 1.85763416
40 41 -0.891046138
41 41 1272.00112
42 41 1.0179984
43 41 -6.4809447
44 41 -0.989427037
45 41 -189.984572
46 41 -0.453415919
47 41 -0.000190820846
48 41 0.00773192607
49 41 38.4154278
50 41 57.9438185
51 41 559.974484
52 41 19.8675973
53 41 0.602929272
54 41 -0.719294099
55 41 -1.44489967
56 41 -1.28543411
57 41 -52.8528664
58 41 -0.551332884
59 41 -0.00185659666
60 41 0.00755940819
61 41 1.54967366
62 41 -2.69845868
63 41 -75.0540693
64 41 -1.21976563
65 41 -0.00430254881
66 41 -0.0125022407
67 41 2.82721704
68 41 -1.30771155
69 41 -31.4560035
70 41 -0.665860315
71 41 0.000518180066
72 41 -0.0298607934
13 42 -12.5893642
14 42 -7.04575571
15 42 -1.84950359
16 42 0.175863987
17 42 -0.267672642
18 42 -1.56041427
25 42 -98.2693761
26 42 -3.42718355
27 42 6.5883301
28 42 0.1106219
29 42 -0.00789175155
30 42 3.30059989
31 42 -395.72148
32 42 -6.61757102
33 42 13.1703881
34 42 0.109499339
35 42 0.00393179548
36 42 6.58435779
37 42 294.512362
38 42 -14.5366876
39 42 20.4171347
40 42 0.205423333
41 42 1.0179984
42 42 1282.2906
43 42 0.0124692806
44 42 3.24379287
45 42 0.437799305
46 42 -190.06945
47 42 -0.079991045
48 42 3.24118071
49 42 -0.106545469
50 42 -21.7748877
51 42 -18.4093442
52 42 563.035955
53 42 17.0866589
54 42 -20.3843693
55 42 0.00998814843
56 42 0.736526112
57 42 0.536041138
58 42 -52.8797927
59 42 -0.178071088
60 42 0.7250428
61 42 -0.0199660605
62 42 -0.729988313
63 42 1.24415391
64 42 -75.1037662
65 42 -0.264917793
66 42 -0.769791619
67 42 -0.0645024054
68 42 -1.38819871
69 42 0.722960726
70 42 -31.5710991
71 42 0.0245689882
72 42 -1.41581957
19 43 -7.64131387
20 43 -0.674454559
21 43 -58.8102257
22 43 3.71939055
23 43 -6.99768517
24 43 -0.184078271
25 43 -18.0107653
26 43 0.803444834
27 43 -153.280504
28 43 3.87492877
29 43 -16.5068267
30 43 -0.252557579
31 43 -14.5018366
32 43 -0.816639642
33 43 -191.823236
34 43 3.5570165
35 43 -12.573755
36 43 -0.0908514756
37 43 -8.37725563
38 43 -0.910475143
39 43 -189.837798
40 43 0.178147471
41 43 -6.4809447
42 43 0.0124692806
43 43 1324.18998
44 43 1.17656872
45 43 -6.52250722
46 43 19.3928749
47 43 3.10744789
48 43 1346.09216
49 43 -18.4154055
50 43 -0.0819936519
51 43 0.823411846
52 43 -7.52698642
53 43 -0.203058756
54 43 -336.86852
55 43 -1.01180657
56 43 -0.00352638358
57 43 -0.00498916156
58 43 0.501524696
59 43 -1.85192006
60 43 -202.112242
61 43 6.36556122
62 43 0.0339266763
63 43 0.368894699
64 43 3.84370639
65 43 -1.39455041
66 43 -132.636176
67 43 8.56947925
68 43 0.0454655294
69 43 1.0790397
70 43 4.66592067
71 43 0.603336822
72 43 -74.4298291
73 43 0.844753471
74 43 -0.0182392641
75 43 0.16690012
76 43 0.446135316
77 43 0.223761934
78 43 -4.53587958
19 44 -0.446679553
20 44 -0.0394258194
21 44 -3.43780215
22 44 -59.5789908
23 44 -2.3916563
24 44 3.5686954
25 44 -0.442614404
26 44 0.01974465
27 44 -3.76686708
28 44 -154.988441
29 44 -1.02562421
30 44 8.29451554
31 44 -0.256536256
32 44 -0.0144462859
33 44 -3.39333675
34 44 -192.656679
35 44 -2.49720204
36 44 6.31279806
37 44 -0.00637141686
38 44 -0.000692472205
39 44 -0.144383292
40 44 -190.095027
41 44 -0.989427037
42 44 3.24379287
43 44 1.17656872
44 44 1272.07895
45 44 -0.162726515
46 44 0.519629549
47 44 0.0225873399
48 44 13.9995663
49 44 -0.454693533
50 44 -0.00202449972
51 44 0.0203308062
52 44 -0.0335135223
53 44 -0.000904108735
54 44 -1.49988987
55 44 -3.70898687
56 44 -0.0129266906
57 44 -0.0182888067
58 44 0.00174793139
59 44 -0.00645437646
60 44 -0.704408647
61 44 -2.77670941
62 44 -0.0147990912
63 44 -0.160914858
64 44 0.0204858893
65 44 -0.00743256705
66 44 -0.706914041
67 44 1.22968108
68 44 0.00652409551
69 44 0.154837262
70 44 0.0247551277
71 44 0.00320101458
72 44 -0.394888824
73 44 0.440596141
74 44 -0.00951301137
75 44 0.0870497152
76 44 -0.00963260896
77 44 -0.00483129475
78 44 0.0979352063
19 45 0.920227788
20 45 0.081223182
21 45 7.0823951
22 45 1.96507177
23 45 -59.2677307
24 45 0.203714149
25 45 1.93154645
26 45 -0.0861646347
27 45 16.4384138
28 45 0.616250387
29 45 -154.153444
30 45 -0.454290517
31 45 0.951669235
32 45 0.0535912
33 45 12.5882175
34 45 2.26953742
35 45 -192.276009
36 45 0.317282853
37 45 0.285806547
38 45 0.0310626496
39 45 6.47668974
40 45 0.983925135
41 45 -189.984572
42 45 0.437799305
43 45 -6.52250722
44 45 -0.162726515
45 45 1233.26716
46 45 -3.07187024
47 45 -0.0470769896
48 45 -38.8615371
49 45 -336.466469
50 45 -1.49809976
51 45 15.044495
52 45 0.336555704
53 45 0.00907940828
54 45 15.062472
55 45 -202.095189
56 45 -0.704349212
57 45 -0.99652007
58 45 0.00247299021
59 45 -0.00913171417
60 45 -0.996604158
61 45 -132.524346
62 45 -0.706318018
63 45 -7.68000291
64 45 0.222749081
65 45 -0.0808164808
66 45 -7.68648364
67 45 -74.0783193
68 45 -0.393023882
69 45 -9.32769019
70 45 0.587516872
71 45 0.075970122
72 45 -9.3719511
73 45 -4.46299971
74 45 0.0963616405
75 45 -0.881766355
76 45 0.0881441042
77 45 0.044209222
78 45 -0.896165418
19 46 -3.5409568
20 46 -0.206989665
21 46 0.426430179
22 46 -3.56461364
23 46 -0.218394583
24 46 -59.56915
25 46 -8.24450795
26 46 -0.202608713
27 46 0.884173979
28 46 -8.28176429
29 46 0.523069703
30 46 -154.793277
31 46 -6.29793529
32 46 -0.11140994
33 46 0.413296015
34 46 -6.30882193
35 46 -0.336149566
36 46 -192.58405
37 46 -3.23977556
38 46 -0.00246404808
39 46 0.110531313
40 46 -3.24118071
41 46 -0.453415919
42 46 -190.06945
43 46 19.3928749
44 46 0.519629549
45 46 -3.07187024
46 46 1291.445
47 46 0.256717831
48 46 -1.53811167
49 46 1.55176193
50 46 -337.203825
51 46 1.12671707
52 46 -7.53268107
53 46 -0.0168624431
54 46 0.168310141
55 46 0.684292397
56 46 -202.074429
57 46 4.05286704
58 46 0.501510501
59 46 0.000862603621
60 46 0.00124445654
61 46 0.52698527
62 46 -132.82323
63 46 3.12201214
64 46 3.84837091
65 46 0.00907527297
66 46 0.111523178
67 46 0.517263549
68 46 -75.0111968
69 46 -0.947375223
70 46 4.69343897
71 46 0.014787361
72 46 0.294226309
73 46 -0.00396889949
74 46 -4.59943187
75 46 -0.482549148
76 46 0.452124809
77 46 -0.00265170129
78 46 0.0444696207
19 47 -0.21694519
20 47 -0.0126817171
21 47 0.0261262652
22 47 -0.10450708
23 47 -0.0064028763
24 47 -1.74644395
25 47 0.520716622
26 47 0.0127966066
27 47 -0.0558437315
28 47 -0.0999599157
29 47 0.00631338947
30 47 -1.86833655
31 47 -0.335569498
32 47 -0.0059361959
33 47 0.0220214293
34 47 -0.0560978725
35 47 -0.00298903277
36 47 -1.71245212
37 47 -0.453219349
38 47 -0.00034470112
39 47 0.0154624692
40 47 -0.00136405631
41 47 -0.000190820846
42 47 -0.079991045
43 47 3.10744789
44 47 0.0225873399
45 47 -0.0470769896
46 47 0.256717831
47 47 1272.02101
48 47 -0.0236598999
49 47 -15.0572545
50 47 -1.19489563
51 47 -336.870818
52 47 -0.203212384
53 47 -0.000454905396
54 47 0.00454057522
55 47 1.01052447
56 47 -4.04941901
57 47 -202.07313
58 47 -1.85186764
59 47 -0.00318523287
60 47 -0.00459525531
61 47 7.70093345
62 47 -3.08625064
63 47 -132.601681
64 47 -1.39624277
65 47 -0.00329263591
66 47 -0.0404621682
67 47 9.3660406
68 47 1.00456093
69 47 -74.4252166
70 47 0.606895134
71 47 0.00191211125
72 47 0.0380455603
73 47 0.901507607
74 47 0.472522801
75 47 -4.51128022
76 47 0.226766001
77 47 -0.00132997722
78 47 0.022304014
19 48 -59.1738146
20 48 -3.45905606
21 48 7.12618137
22 48 0.213306223
23 48 0.0130687161
24 48 3.56461364
25 48 -154.096924
26 48 -3.78693059
27 48 16.5259699
28 48 0.443091723
29 48 -0.0279853239
30 48 8.28176429
31 48 -192.251723
32 48 -3.40091664
33 48 12.6163365
34 48 0.206669421
35 48 0.0110118556
36 48 6.30882193
37 48 -189.987048
38 48 -0.144496806
39 48 6.4817817
40 48 0.0552705995
41 48 0.00773192607
42 48 3.24118071
43 48 1346.09216
44 48 13.9995663
45 48 -38.8615371
46 48 -1.53811167
47 48 -0.0236598999
48 48 1252.57777
49 48 -0.0248409265
50 48 7.53476573
51 48 0.194735143
52 48 -337.123383
53 48 -0.754674706
54 48 7.53268107
55 48 -0.00754612918
56 48 -0.467527355
57 48 1.86081443
58 48 -202.106522
59 48 -0.347625458
60 48 -0.501510501
61 48 -0.0651570264
62 48 -3.82016088
63 48 1.47566881
64 48 -132.797136
65 48 -0.313163748
66 48 -3.84837091
67 48 0.110184455
68 48 -4.69206212
69 48 -0.67735813
70 48 -74.8687955
71 48 -0.235885012
72 48 -4.69343897
73 48 0.0435597001
74 48 -0.43066436
75 48 -0.267538506
76 48 -4.59677504
77 48 0.0269599767
78 48 -0.452124809
31 49 24.0621355
32 49 10.2560818
33 49 261.326182
34 49 -18.3194595
35 49 20.9604172
36 49 0.346275116
37 49 44.9866911
38 49 41.1160655
39 49 559.197274
40 49 -36.7487056
41 49 38.4154278
42 49 -0.106545469
43 49 -18.4154055
44 49 -0.454693533
45 49 -336.466469
46 49 1.55176193
47 49 -15.0572545
48 49 -0.0248409265
49 49 1211.59876
50 49 -4.02049234
51 49 3.97776123
52 49 -29.6353132
53 49 -22.5533191
54 49 -279.294938
55 49 7.18480075
56 49 -0.0149817479
57 49 0.37312412
58 49 4.45248592
59 49 -1.01680987
60 49 -171.628843
61 49 2.59440061
62 49 -0.0452017143
63 49 0.21581339
64 49 1.48502674
65 49 -0.735532753
66 49 -35.9229121
31 50 1.54457473
32 50 0.658349079
33 50 16.7748128
34 50 262.61741
35 50 18.7435137
36 50 -11.1079309
37 50 2.61809473
38 50 2.39283556
39 50 32.5436568
40 50 560.337697
41 50 57.9438185
42 50 -21.7748877
43 50 -0.0819936519
44 50 -0.00202449972
45 50 -1.49809976
46 50 -337.203825
47 50 -1.19489563
48 50 7.53476573
49 50 -4.02049234
50 50 1268.93199
51 50 4.14446971
52 50 -1.81383034
53 50 -1.46851015
54 50 -48.9933865
55 50 -2.03996666
56 50 0.00425373889
57 50 -0.105940414
58 50 -0.00928432451
59 50 0.00212025213
60 50 0.357880496
61 50 -1.49151278
62 50 0.0259863239
63 50 -0.124070442
64 50 -0.0258733189
65 50 0.0128150376
66 50 0.625877592
31 51 -2.03301942
32 51 -0.866540439
33 51 -22.0795533
34 51 -17.3009177
35 51 262.320738
36 51 -4.34079013
37 51 -3.35709116
38 51 -3.06824922
39 51 -41.7295911
40 51 -55.4603638
41 51 559.974484
42 51 -18.4093442
43 51 0.823411846
44 51 0.0203308062
45 51 15.044495
46 51 1.12671707
47 51 -336.870818
48 51 0.194735143
49 51 3.97776123
50 51 4.14446971
51 51 1332.66562
52 51 1.74630815
53 51 1.98017554
54 51 60.8948987
55 51 -171.535784
56 51 0.35768645
57 51 -8.90826908
58 51 0.231228387
59 51 -0.0528054012
60 51 -8.91310185
61 51 -35.8398287
62 51 0.624430047
63 51 -2.98131095
64 51 0.123530905
65 51 -0.0611847747
66 51 -2.98822218
31 52 10.8958383
32 52 0.699415748
33 52 -0.920593722
34 52 10.9399493
35 52 4.71414664
36 52 263.271564
37 52 20.3289487
38 52 1.18308576
39 52 -1.51702942
40 52 20.3843693
41 52 19.8675973
42 52 563.035955
43 52 -7.52698642
44 52 -0.0335135223
45 52 0.336555704
46 52 -7.53268107
47 52 -0.203212384
48 52 -337.123383
49 52 -29.6353132
50 52 -1.81383034
51 52 1.74630815
52 52 1242.27411
53 52 -0.94060268
54 52 0.84712386
55 52 -0.452811523
56 52 -171.850398
57 52 1.81907626
58 52 4.45691476
59 52 -0.00532881757
60 52 0.115623633
61 52 -0.71941478
62 52 -36.0300325
63 52 1.10202111
64 52 1.48872935
65 52 -0.0142111181
66 52 0.0615429753
31 53 4.69513873
32 53 0.301386078
33 53 -0.396694144
34 53 0.358393119
35 53 0.154435608
36 53 8.62478562
37 53 19.8135817
38 53 1.1530929
39 53 -1.47857063
40 53 0.61861194
41 53 0.602929272
42 53 17.0866589
43 53 -0.203058756
44 53 -0.000904108735
45 53 0.00907940828
46 53 -0.0168624431
47 53 -0.000454905396
48 53 -0.754674706
49 53 -22.5533191
50 53 -1.46851015
51 53 1.98017554
52 53 -0.94060268
53 53 1271.24622
54 53 0.967531556
55 53 8.90878995
56 53 -1.84010817
57 53 -171.619698
58 53 -1.01782128
59 53 0.00121693687
60 53 -0.0264048562
61 53 2.96723546
62 53 -1.15769154
63 53 -35.9130967
64 53 -0.737366652
65 53 0.0070387573
66 53 -0.0304821946
31 54 262.210027
32 54 16.8315477
33 54 -22.1542298
34 54 -0.4545971
35 54 -0.195890981
36 54 -10.9399493
37 54 561.505185
38 54 32.6779705
39 54 -41.9018169
40 54 -0.738003509
41 54 -0.719294099
42 54 -20.3843693
43 54 -336.86852
44 54 -1.49988987
45 54 15.062472
46 54 0.168310141
47 54 0.00454057522
48 54 7.53268107
49 54 -279.294938
50 54 -48.9933865
51 54 60.8948987
52 54 0.84712386
53 54 0.967531556
54 54 1301.74867
55 54 -0.0647999603
56 54 -4.44605123
57 54 1.06925595
58 54 -171.79956
59 54 0.205408576
60 54 -4.45691476
61 54 -0.0915171113
62 54 -1.45811902
63 54 0.794772605
64 54 -36.0124785
65 54 0.34376805
66 54 -1.48872935
7 55 0.036032882
8 55 -0.176401887
9 55 3.50849406
10 55 -0.0018384353
11 55 0.000902765721
12 55 2.2919476e-05
25 55 -1.00770645
26 55 -0.907427281
27 55 -4.05103065
28 55 0.378397905
29 55 -0.972528372
30 55 0.0618700625
31 55 -5.20989205
32 55 -0.197736966
33 55 -156.810138
34 55 4.67214088
35 55 -3.57607321
36 55 -0.0525101464
37 55 -1.97433523
38 55 -1.11051635
39 55 -52.8291016
40 55 0.376073688
41 55 -1.44489967
42 55 0.00998814843
43 55 -1.01180657
44 55 -3.70898687
45 55 -202.095189
46 55 0.684292397
47 55 1.01052447
48 55 -0.00754612918
49 55 7.18480075
50 55 -2.03996666
51 55 -171.535784
52 55 -0.452811523
53 55 8.90878995
54 55 -0.0647999603
55 55 1264.97742
56 55 0.425115558
57 55 -1.615193
58 55 -7.38863446
59 55 5.82114364
60 55 774.5565
61 55 4.55178017
62 55 -0.0382135259
63 55 0.189058462
64 55 3.00641896
65 55 -1.13231279
66 55 -145.059188
67 55 4.78082953
68 55 -0.179462197
69 55 0.616690065
70 55 2.61136405
71 55 -0.609492772
72 55 -40.8479265
7 56 1.93023297e-05
8 56 -9.44961158e-05
9 56 0.00187945303
10 56 3.50744198
11 56 -0.175435794
12 56 -0.00485934884
25 56 -0.0328715282
26 56 -0.0296004074
27 56 -0.132145198
28 56 -4.21652863
29 56 -1.04361593
30 56 0.602399225
31 56 -0.153321103
32 56 -0.00581917041
33 56 -4.61474116
34 56 -156.901459
35 56 -2.46018421
36 56 1.82263236
37 56 -0.0127337008
38 56 -0.00716240217
39 56 -0.340727331
40 56 -52.8715137
41 56 -1.28543411
42 56 0.736526112
43 56 -0.00352638358
44 56 -0.0129266906
45 56 -0.704349212
46 56 -202.074429
47 56 -4.04941901
48 56 -0.467527355
49 56 -0.0149817479
50 56 0.00425373889
51 56 0.35768645
52 56 -171.850398
53 56 -1.84010817
54 56 -4.44605123
55 56 0.425115558
56 56 1271.98996
57 56 0.120358894
58 56 0.20123213
59 56 -0.0109637004
60 56 2.54689246
61 56 -2.27807467
62 56 0.0191251032
63 56 -0.0946199679
64 56 -0.0252397665
65 56 0.00950609707
66 56 1.21781431
67 56 -1.30325154
68 56 0.0489212978
69 56 -0.168109378
70 56 -0.0980250659
71 56 0.0228790655
72 56 1.5333445
7 57 -8.30888381e-06
8 57 4.06768125e-05
9 57 -0.000809029639
10 57 0.175436248
11 57 3.50744237
12 57 0.0881054588
25 57 0.247086912
26 57 0.222498729
27 57 0.99330182
28 57 0.982287037
29 57 -4.10514809
30 57 0.332468618
31 57 0.121126106
32 57 0.00459723704
33 57 3.6457188
34 57 2.35329003
35 57 -156.928627
36 57 0.048509847
37 57 0.0542843718
38 57 0.030533661
39 57 1.45253681
40 57 1.27560647
41 57 -52.8528664
42 57 0.536041138
43 57 -0.00498916156
44 57 -0.0182888067
45 57 -0.99652007
46 57 4.05286704
47 57 -202.07313
48 57 1.86081443
49 57 0.37312412
50 57 -0.105940414
51 57 -8.90826908
52 57 1.81907626
53 57 -171.619698
54 57 1.06925595
55 57 -1.615193
56 57 0.120358894
57 57 1286.82534
58 57 -0.888859966
59 57 0.0576616066
60 57 14.8033983
61 57 -145.014086
62 57 1.21743567
63 57 -6.02316874
64 57 0.124871791
65 57 -0.0470306795
66 57 -6.02504204
67 57 -40.6448085
68 57 1.52571988
69 57 -5.24286621
70 57 0.336845783
71 57 -0.0786198577
72 57 -5.26906687
7 58 0.000428533038
8 58 2.29559378e-07
9 58 -9.88161653e-08
10 58 0.000428397887
11 58 -0.0882104814
12 58 3.51071895
25 58 -0.502186957
26 58 -0.0163814102
27 58 0.123134891
28 58 -0.510695891
29 58 -0.451984571
30 58 -4.28849445
31 58 -1.82209345
32 58 -0.0536221046
33 58 0.0423623142
34 58 -1.82305409
35 58 -0.0490303111
36 58 -156.944077
37 58 -0.724865454
38 58 -0.00467510262
39 58 0.0199301847
40 58 -0.7250428
41 58 -0.551332884
42 58 -52.8797927
43 58 0.501524696
44 58 0.00174793139
45 58 0.00247299021
46 58 0.501510501
47 58 -1.85186764
48 58 -202.106522
49 58 4.45248592
50 58 -0.00928432451
51 58 0.231228387
52 58 4.45691476
53 58 -1.01782128
54 58 -171.79956
55 58 -7.38863446
56 58 0.20123213
57 58 -0.888859966
58 58 1264.60897
59 58 0.111126415
60 58 -0.443244273
61 58 -1.28555166
62 58 -145.176157
63 58 1.607205
64 58 3.00835075
65 58 -0.0131097892
66 58 0.0623494649
67 58 -1.58731075
68 58 -41.1910395
69 58 0.318519231
70 58 2.62865968
71 58 -0.0516349034
72 58 0.168047389
7 59 -0.0882383101
8 59 -4.72680746e-05
9 59 2.03470227e-05
10 59 1.13502442e-07
11 59 -2.33710421e-05
12 59 0.000930152052
25 59 -0.444453853
26 59 -0.0144981481
27 59 0.108978889
28 59 -0.0147066942
29 59 -0.0130159631
30 59 -0.123497325
31 59 -0.0490044749
32 59 -0.00144214507
33 59 0.00113931751
34 59 -0.0268223795
35 59 -0.000721377177
36 59 -2.30909967
37 59 -0.551198028
38 59 -0.0035550147
39 59 0.0151551967
40 59 -0.0024415595
41 59 -0.00185659666
42 59 -0.178071088
43 59 -1.85192006
44 59 -0.00645437646
45 59 -0.00913171417
46 59 0.000862603621
47 59 -0.00318523287
48 59 -0.347625458
49 59 -1.01680987
50 59 0.00212025213
51 59 -0.0528054012
52 59 -0.00532881757
53 59 0.00121693687
54 59 0.205408576
55 59 5.82114364
56 59 -0.0109637004
57 59 0.0576616066
58 59 0.111126415
59 59 1272.0108
60 59 0.0294023999
61 59 6.01101303
62 59 -1.65911155
63 59 -145.056773
64 59 -1.13304036
65 59 0.00493756267
66 59 -0.0234827872
67 59 5.25416741
68 59 -0.518611008
69 59 -40.8833402
70 59 -0.613529575
71 59 0.0120515944
72 59 -0.0392222865
7 60 3.51182651
8 60 0.00188123818
9 60 -0.000809798075
10 60 -5.22755458e-08
11 60 1.07639445e-05
12 60 -0.000428397887
25 60 -4.21704191
26 60 -0.137560509
27 60 1.03400734
28 60 0.0608162831
29 60 0.0538246384
30 60 0.510695891
31 60 -156.861376
32 60 -4.61624904
33 60 3.64691005
34 60 0.0211764998
35 60 0.000569533499
36 60 1.82305409
37 60 -52.8668583
38 60 -0.340970847
39 60 1.45357493
40 60 0.009941171
41 60 0.00755940819
42 60 0.7250428
43 60 -202.112242
44 60 -0.704408647
45 60 -0.996604158
46 60 0.00124445654
47 60 -0.00459525531
48 60 -0.501510501
49 60 -171.628843
50 60 0.357880496
51 60 -8.91310185
52 60 0.115623633
53 60 -0.0264048562
54 60 -4.45691476
55 60 774.5565
56 60 2.54689246
57 60 14.8033983
58 60 -0.443244273
59 60 0.0294023999
60 60 1279.41381
61 60 -0.0740625884
62 60 -2.9907474
63 60 1.17862811
64 60 -145.152396
65 60 0.63254503
66 60 -3.00835075
67 60 -0.185933608
68 60 -2.6118288
69 60 0.681367147
70 60 -41.1184712
71 60 0.80769234
72 60 -2.62865968
1 61 0.678046572
2 61 2.75711069
3 61 -7.44929059
4 61 -0.865303575
5 61 0.812280587
6 61 0.102188872
31 61 -0.745900996
32 61 -0.389821993
33 61 -8.42152695
34 61 0.42730302
35 61 -0.653929077
36 61 -0.00179337773
37 61 0.796853586
38 61 -2.43907591
39 61 -75.0746702
40 61 0.499274921
41 61 1.54967366
42 61 -0.0199660605
43 61 6.36556122
44 61 -2.77670941
45 61 -132.524346
46 61 0.52698527
47 61 7.70093345
48 61 -0.0651570264
49 61 2.59440061
50 61 -1.49151278
51 61 -35.8398287
52 61 -0.71941478
53 61 2.96723546
54 61 -0.0915171113
55 61 4.55178017
56 61 -2.27807467
57 61 -145.014086
58 61 -1.28555166
59 61 6.01101303
60 61 -0.0740625884
61 61 1248.27335
62 61 0.0907492787
63 61 -0.646652277
64 61 -14.6702654
65 61 4.82350708
66 61 583.410953
67 61 8.16938564
68 61 -0.0229877838
69 61 0.521820875
70 61 4.84815385
71 61 -1.17783181
72 61 -152.007765
73 61 3.05553942
74 61 -0.00496859542
75 61 0.348477992
76 61 1.6775432
77 61 -0.159382158
78 61 -29.515853
79 61 -1.72763439
80 61 0.111721359
81 61 -1.10684171
82 61 -0.915599226
83 61 -0.237497714
84 61 3.10494463
1 62 -0.0971775989
2 62 -0.395148958
3 62 1.06763193
4 62 -7.15931858
5 62 3.21561365
6 62 0.221237924
31 62 -0.0337341073
32 62 -0.0176300836
33 62 -0.380871852
34 62 -8.46151252
35 62 -0.585757913
36 62 0.344820705
37 62 0.00588601156
38 62 -0.0180163951
39 62 -0.554544002
40 62 -75.0680163
41 62 -2.69845868
42 62 -0.729988313
43 62 0.0339266763
44 62 -0.0147990912
45 62 -0.706318018
46 62 -132.82323
47 62 -3.08625064
48 62 -3.82016088
49 62 -0.0452017143
50 62 0.0259863239
51 62 0.624430047
52 62 -36.0300325
53 62 -1.15769154
54 62 -1.45811902
55 62 -0.0382135259
56 62 0.0191251032
57 62 1.21743567
58 62 -145.176157
59 62 -1.65911155
60 62 -2.9907474
61 62 0.0907492787
62 62 1272.376
63 62 0.735370275
64 62 0.038964251
65 62 0.186901559
66 62 -1.59571324
67 62 -2.36613837
68 62 0.00665806214
69 62 -0.151137484
70 62 -0.0136421902
71 62 0.00331429365
72 62 0.42773371
73 62 -0.321510953
74 62 0.000522807148
75 62 -0.0366676635
76 62 -0.00272784354
77 62 0.000259170429
78 62 0.0479955621
79 62 -0.443601404
80 62 0.0286864814
81 62 -0.284201645
82 62 0.0592092809
83 62 0.0153583232
84 62 -0.20078822
1 63 0.033088404
2 63 0.134545909
3 63 -0.363522428
4 63 -3.29448547
5 63 -7.2012677
6 63 -1.44429583
31 63 0.0600988043
32 63 0.0314087738
33 63 0.678540051
34 63 0.553824282
35 63 -8.44486636
36 63 0.171293531
37 63 0.0162413559
38 63 -0.0497128968
39 63 -1.5301612
40 63 2.70926887
41 63 -75.0540693
42 63 1.24415391
43 63 0.368894699
44 63 -0.160914858
45 63 -7.68000291
46 63 3.12201214
47 63 -132.601681
48 63 1.47566881
49 63 0.21581339
50 63 -0.124070442
51 63 -2.98131095
52 63 1.10202111
53 63 -35.9130967
54 63 0.794772605
55 63 0.189058462
56 63 -0.0946199679
57 63 -6.02316874
58 63 1.607205
59 63 -145.056773
60 63 1.17862811
61 63 -0.646652277
62 63 0.735370275
63 63 1301.22712
64 63 -0.442474636
65 63 0.375291604
66 63 29.017625
67 63 -151.859445
68 63 0.427316356
69 63 -9.70004748
70 63 0.309676638
71 63 -0.0752342039
72 63 -9.7095214
73 63 -29.4053385
74 63 0.0478158551
75 63 -3.35361843
76 63 0.191320355
77 63 -0.0181772076
78 63 -3.36622238
79 63 2.71209374
80 63 -0.175383635
81 63 1.73755424
82 63 -0.586595993
83 63 -0.15215741
84 63 1.98924161
1 64 0.290850425
2 64 -0.0416846676
3 64 0.0141933855
4 64 0.28862567
5 64 1.40784856
6 64 -7.7616974
31 64 -0.335592449
32 64 -0.0151774991
33 64 0.027039386
34 64 -0.336583409
35 64 -0.185935712
36 64 -8.4770001
37 64 0.76975749
38 64 0.00568586446
39 64 0.0156890872
40 64 0.769791619
41 64 -1.21976563
42 64 -75.1037662
43 64 3.84370639
44 64 0.0204858893
45 64 0.222749081
46 64 3.84837091
47 64 -1.39624277
48 64 -132.797136
49 64 1.48502674
50 64 -0.0258733189
51 64 0.123530905
52 64 1.48872935
53 64 -0.737366652
54 64 -36.0124785
55 64 3.00641896
56 64 -0.0252397665
57 64 0.124871791
58 64 3.00835075
59 64 -1.13304036
60 64 -145.152396
61 64 -14.6702654
62 64 0.038964251
63 64 -0.442474636
64 64 1257.4447
65 64 0.0451736963
66 64 -0.21088495
67 64 -0.562107411
68 64 -152.30297
69 64 2.09068765
70 64 4.85543202
71 64 -0.00802470776
72 64 0.15485973
73 64 -0.0805856763
74 64 -29.7057878
75 64 0.283049925
76 64 1.68567404
77 64 -0.00188348394
78 64 0.0958058377
79 64 -0.118375844
80 64 3.64949344
81 64 0.553138306
82 64 -1.0417084
83 64 0.00745214873
84 64 -0.307183387
1 65 1.4187004
2 65 -0.203328066
3 65 0.0692320171
4 65 -0.0192955799
5 65 -0.0941193291
6 65 0.518895122
31 65 -0.185388285
32 65 -0.0083843678
33 65 0.0149371221
34 65 -0.00789176889
35 65 -0.00435957812
36 65 -0.198757645
37 65 -1.21971155
38 65 -0.00900947982
39 65 -0.0248599866
40 65 0.00271532983
41 65 -0.00430254881
42 65 -0.264917793
43 65 -1.39455041
44 65 -0.00743256705
45 65 -0.0808164808
46 65 0.00907527297
47 65 -0.00329263591
48 65 -0.313163748
49 65 -0.735532753
50 65 0.0128150376
51 65 -0.0611847747
52 65 -0.0142111181
53 65 0.0070387573
54 65 0.34376805
55 65 -1.13231279
56 65 0.00950609707
57 65 -0.0470306795
58 65 -0.0131097892
59 65 0.00493756267
60 65 0.63254503
61 65 4.82350708
62 65 0.186901559
63 65 0.375291604
64 65 0.0451736963
65 65 1272.10142
66 65 0.173599803
67 65 9.70268288
68 65 -2.12225893
69 65 -151.994196
70 65 -1.1796
71 65 0.00194955778
72 65 -0.0376223036
73 65 3.365602
74 65 -0.290357942
75 65 -29.5145533
76 65 -0.160154663
77 65 0.000178948437
78 65 -0.00910244288
79 65 -1.99589324
80 65 -0.52882592
81 65 3.06194881
82 65 -0.270209233
83 65 0.00193301636
84 65 -0.0796804432
1 66 -7.82152532
2 66 1.1209806
3 66 -0.381687336
4 66 0.0107328041
5 66 0.0523521099
6 66 -0.28862567
31 66 -8.45204235
32 66 -0.382251941
33 66 0.680998741
34 66 0.0133642078
35 66 0.0073826678
36 66 0.336583409
37 66 -75.1004364
38 66 -0.554734326
39 66 -1.53068637
40 66 0.00789013877
41 66 -0.0125022407
42 66 -0.769791619
43 66 -132.636176
44 66 -0.706914041
45 66 -7.68648364
46 66 0.111523178
47 66 -0.0404621682
48 66 -3.84837091
49 66 -35.9229121
50 66 0.625877592
51 66 -2.98822218
52 66 0.0615429753
53 66 -0.0304821946
54 66 -1.48872935
55 66 -145.059188
56 66 1.21781431
57 66 -6.02504204
58 66 0.0623494649
59 66 -0.0234827872
60 66 -3.00835075
61 66 583.410953
62 66 -1.59571324
63 66 29.017625
64 66 -0.21088495
65 66 0.173599803
66 66 1286.57807
67 66 -0.0936131333
68 66 -4.83904934
69 66 1.25238908
70 66 -152.235962
71 66 0.251604616
72 66 -4.85543202
73 66 -0.022967188
74 66 -1.68657053
75 66 0.177334762
76 66 -29.6589125
77 66 0.0331393164
78 66 -1.68567404
79 66 -0.183418345
80 66 1.0387875
81 66 0.391144089
82 66 3.53260119
83 66 -0.0252714381
84 66 1.0417084
19 67 0.162579326
20 67 0.492714673
21 67 -5.81666289
22 67 -0.0620038477
23 67 0.221254443
24 67 0.00816337381
37 67 2.50529078
38 67 -1.32867585
39 67 -31.3953927
40 67 -0.106525993
41 67 2.82721704
42 67 -0.0645024054
43 67 8.56947925
44 67 1.22968108
45 67 -74.0783193
46 67 0.517263549
47 67 9.3660406
48 67 0.110184455
55 67 4.78082953
56 67 -1.30325154
57 67 -40.6448085
58 67 -1.58731075
59 67 5.25416741
60 67 -0.185933608
61 67 8.16938564
62 67 -2.36613837
63 67 -151.859445
64 67 -0.562107411
65 67 9.70268288
66 67 -0.0936131333
67 67 1226.92669
68 67 0.679187862
69 67 -8.09578546
70 67 -25.0294788
71 67 1.10403398
72 67 472.019222
73 67 7.00134075
74 67 0.00304580783
75 67 0.455360373
76 67 4.13884245
77 67 -0.373030007
78 67 -127.404549
85 67 13.895792
86 67 -0.523810014
87 67 5.19175328
88 67 7.24428359
89 67 0.87009011
90 67 -40.0130573
19 68 -0.00228037323
20 68 -0.00691092391
21 68 0.0815857876
22 68 -5.81324708
23 68 0.527987477
24 68 -0.0879183057
37 68 0.000841169103
38 68 -0.000446112315
39 68 -0.0105412252
40 68 -31.5827991
41 68 -1.30771155
42 68 -1.38819871
43 68 0.0454655294
44 68 0.00652409551
45 68 -0.393023882
46 68 -75.0111968
47 68 1.00456093
48 68 -4.69206212
55 68 -0.179462197
56 68 0.0489212978
57 68 1.52571988
58 68 -41.1910395
59 68 -0.518611008
60 68 -2.6118288
61 68 -0.0229877838
62 68 0.00665806214
63 68 0.427316356
64 68 -152.30297
65 68 -2.12225893
66 68 -4.83904934
67 68 0.679187862
68 68 1272.01435
69 68 -0.254642659
70 68 0.35924457
71 68 0.00725241717
72 68 -3.0903258
73 68 -0.745206066
74 68 -0.000324188546
75 68 -0.0484674756
76 68 0.00180052924
77 68 -0.00016228002
78 68 -0.0554250659
85 68 1.5223573
86 68 -0.0573861495
87 68 0.568783952
88 68 -0.273077511
89 68 -0.032798556
90 68 1.50831562
19 69 0.00598446065
20 69 0.0181365715
21 69 -0.214108344
22 69 -0.530679279
23 69 -5.8096112
24 69 -0.255274861
37 69 0.225136699
38 69 -0.119400788
39 69 -2.82133122
40 69 1.3034084
41 69 -31.4560035
42 69 0.722960726
43 69 1.0790397
44 69 0.154837262
45 69 -9.32769019
46 69 -0.947375223
47 69 -74.4252166
48 69 -0.67735813
55 69 0.616690065
56 69 -0.168109378
57 69 -5.24286621
58 69 0.318519231
59 69 -40.8833402
60 69 0.681367147
61 69 0.521820875
62 69 -0.151137484
63 69 -9.70004748
64 69 2.09068765
65 69 -151.994196
66 69 1.25238908
67 69 -8.09578546
68 69 -0.254642659
69 69 1321.86877
70 69 -4.34072944
71 69 -0.172355988
72 69 50.6304233
73 69 -127.284089
74 69 -0.055372662
75 69 -8.27843297
76 69 0.269186275
77 69 -0.0242615078
78 69 -8.28626757
85 69 -38.2016181
86 69 1.44003236
87 69 -14.2729091
88 69 2.70661313
89 69 0.325083535
90 69 -14.9497
19 70 0.109046121
20 70 -0.00152950478
21 70 0.00401393117
22 70 0.10901194
23 70 0.246818195
24 70 -5.83128287
37 70 1.41186804
38 70 0.000474044681
39 70 0.126876813
40 70 1.41581957
41 70 -0.665860315
42 70 -31.5710991
43 70 4.66592067
44 70 0.0247551277
45 70 0.587516872
46 70 4.69343897
47 70 0.606895134
48 70 -74.8687955
55 70 2.61136405
56 70 -0.0980250659
57 70 0.336845783
58 70 2.62865968
59 70 -0.613529575
60 70 -41.1184712
61 70 4.84815385
62 70 -0.0136421902
63 70 0.309676638
64 70 4.85543202
65 70 -1.1796
66 70 -152.235962
67 70 -25.0294788
68 70 0.35924457
69 70 -4.34072944
70 70 1246.55171
71 70 0.154983357
72 70 -2.19545545
73 70 0.00588913948
74 70 -127.67146
75 70 0.763419221
76 70 4.14538282
77 70 0.000506451874
78 70 0.134666199
85 70 -0.642541837
86 70 -42.6625587
87 70 -2.5845696
88 70 7.61193139
89 70 -0.108836424
90 70 1.37812488
19 71 0.246895586
20 71 -0.00346301156
21 71 0.00908809844
22 71 -0.000679327915
23 71 -0.00153809288
24 71 0.0363387094
37 71 -0.664001907
38 71 -0.000222943338
39 71 -0.0596701982
40 71 -0.00110180689
41 71 0.000518180066
42 71 0.0245689882
43 71 0.603336822
44 71 0.00320101458
45 71 0.075970122
46 71 0.014787361
47 71 0.00191211125
48 71 -0.235885012
55 71 -0.609492772
56 71 0.0228790655
57 71 -0.0786198577
58 71 -0.0516349034
59 71 0.0120515944
60 71 0.80769234
61 71 -1.17783181
62 71 0.00331429365
63 71 -0.0752342039
64 71 -0.00802470776
65 71 0.00194955778
66 71 0.251604616
67 71 1.10403398
68 71 0.00725241717
69 71 -0.172355988
70 71 0.154983357
71 71 1272.00961
72 71 -0.0893395627
73 71 8.2864509
74 71 -0.761427378
75 71 -127.402274
76 71 -0.373619485
77 71 -4.56460348e-05
78 71 -0.0121373389
85 71 15.0133887
86 71 2.19485283
87 71 -39.9620764
88 71 0.914247232
89 71 -0.0130720305
90 71 0.165522623
19 72 -5.83311128
20 72 0.0818164963
21 72 -0.214713801
22 72 0.00203790546
23 72 0.00461410139
24 72 -0.10901194
37 72 -31.4829845
38 72 -0.0105706348
39 72 -2.82920261
40 72 0.0634930401
41 72 -0.0298607934
42 72 -1.41581957
43 72 -74.4298291
44 72 -0.394888824
45 72 -9.3719511
46 72 0.294226309
47 72 0.0380455603
48 72 -4.69343897
55 72 -40.8479265
56 72 1.5333445
57 72 -5.26906687
58 72 0.168047389
59 72 -0.0392222865
60 72 -2.62865968
61 72 -152.007765
62 72 0.42773371
63 72 -9.7095214
64 72 0.15485973
65 72 -0.0376223036
66 72 -4.85543202
67 72 472.019222
68 72 -3.0903258
69 72 50.6304233
70 72 -2.19545545
71 72 -0.0893395627
72 72 1297.47106
73 72 -0.0240378406
74 72 -4.14533252
75 72 0.397318279
76 72 -127.605879
77 72 -0.0155899321
78 72 -4.14538282
85 72 0.171038418
86 72 -7.69361635
87 72 -1.23401618
88 72 -42.0437222
89 72 0.601146825
90 72 -7.61193139
43 73 0.844753471
44 73 0.440596141
45 73 -4.46299971
46 73 -0.00396889949
47 73 0.901507607
48 73 0.0435597001
61 73 3.05553942
62 73 -0.321510953
63 73 -29.4053385
64 73 -0.0805856763
65 73 3.365602
66 73 -0.022967188
67 73 7.00134075
68 73 -0.745206066
69 73 -127.284089
70 73 0.00588913948
71 73 8.2864509
72 73 -0.0240378406
73 73 1241.23879
74 73 0.154215772
75 73 -2.50670081
76 73 -17.6818849
77 73 0.0671834702
78 73 457.34706
79 73 19.8709596
80 73 -0.13405372
81 73 1.53596233
82 73 11.4193639
83 73 0.241466761
84 73 -295.890779
43 74 -0.0182392641
44 74 -0.00951301137
45 74 0.0963616405
46 74 -4.59943187
47 74 0.472522801
48 74 -0.43066436
61 74 -0.00496859542
62 74 0.000522807148
63 74 0.0478158551
64 74 -29.7057878
65 74 -0.290357942
66 74 -1.68657053
67 74 0.00304580783
68 74 -0.000324188546
69 74 -0.055372662
70 74 -127.67146
71 74 -0.761427378
72 74 -4.14533252
73 74 0.154215772
74 74 1272.02358
75 74 -0.0348695023
76 74 0.0875973811
77 74 0.00636339047
78 74 -2.08664783
79 74 0.426342492
80 74 -0.00287619713
81 74 0.0329549262
82 74 -0.0770374579
83 74 -0.00162898613
84 74 1.99614213
43 75 0.16690012
44 75 0.0870497152
45 75 -0.881766355
46 75 -0.482549148
47 75 -4.51128022
48 75 -0.267538506
61 75 0.348477992
62 75 -0.0366676635
63 75 -3.35361843
64 75 0.283049925
65 75 -29.5145533
66 75 0.177334762
67 75 0.455360373
68 75 -0.0484674756
69 75 -8.27843297
70 75 0.763419221
71 75 -127.402274
72 75 0.397318279
73 75 -2.50670081
74 75 -0.0348695023
75 75 1307.36332
76 75 -1.43133145
77 75 -0.0204351236
78 75 35.4200767
79 75 -295.459844
80 75 1.99323495
81 75 -22.8381114
82 75 0.882680714
83 75 0.0186646169
84 75 -22.8714214
43 76 0.446135316
44 76 -0.00963260896
45 76 0.0881441042
46 76 0.452124809
47 76 0.226766001
48 76 -4.59677504
61 76 1.6775432
62 76 -0.00272784354
63 76 0.191320355
64 76 1.68567404
65 76 -0.160154663
66 76 -29.6589125
67 76 4.13884245
68 76 0.00180052924
69 76 0.269186275
70 76 4.14538282
71 76 -0.373619485
72 76 -127.605879
73 76 -17.6818849
74 76 0.0875973811
75 76 -1.43133145
76 76 1254.28311
77 76 0.0422159051
78 76 -0.716644331
79 76 -1.8824878
80 76 -296.771768
81 76 -1.54725183
82 76 11.4450988
83 76 -0.0381871718
84 76 0.441702673
43 77 0.223761934
44 77 -0.00483129475
45 77 0.044209222
46 77 -0.00265170129
47 77 -0.00132997722
48 77 0.0269599767
61 77 -0.159382158
62 77 0.000259170429
63 77 -0.0181772076
64 77 -0.00188348394
65 77 0.000178948437
66 77 0.0331393164
67 77 -0.373030007
68 77 -0.00016228002
69 77 -0.0242615078
70 77 0.000506451874
71 77 -4.56460348e-05
72 77 -0.0155899321
73 77 0.0671834702
74 77 0.00636339047
75 77 -0.0204351236
76 77 0.0422159051
77 77 1272.01339
78 77 -0.010404202
79 77 22.8811845
80 77 1.39754097
81 77 -295.895114
82 77 0.242010934
83 77 -0.000807482164
84 77 0.00933996978
43 78 -4.53587958
44 78 0.0979352063
45 78 -0.896165418
46 78 0.0444696207
47 78 0.022304014
48 78 -0.452124809
61 78 -29.515853
62 78 0.0479955621
63 78 -3.36622238
64 78 0.0958058377
65 78 -0.00910244288
66 78 -1.68567404
67 78 -127.404549
68 78 -0.0554250659
69 78 -8.28626757
70 78 0.134666199
71 78 -0.0121373389
72 78 -4.14538282
73 78 457.34706
74 78 -2.08664783
75 78 35.4200767
76 78 -0.716644331
77 78 -0.010404202
78 78 1289.73967
79 78 -0.0569294518
80 78 -11.4530841
81 78 -0.263083076
82 78 -296.557602
83 78 0.989479981
84 78 -11.4450988
61 79 -1.72763439
62 79 -0.443601404
63 79 2.71209374
64 79 -0.118375844
65 79 -1.99589324
66 79 -0.183418345
73 79 19.8709596
74 79 0.426342492
75 79 -295.459844
76 79 -1.8824878
77 79 22.8811845
78 79 -0.0569294518
79 79 1241.20466
80 79 0.0908560911
81 79 -1.64479333
82 79 -17.5802202
83 79 0.107273708
84 79 440.559871
85 79 12.6633988
86 79 -0.0685237302
87 79 1.2156727
88 79 7.07645555
89 79 -0.111242755
90 79 -147.774037
61 80 0.111721359
62 80 0.0286864814
63 80 -0.175383635
64 80 3.64949344
65 80 -0.52882592
66 80 1.0387875
73 80 -0.13405372
74 80 -0.00287619713
75 80 1.99323495
76 80 -296.771768
77 80 1.39754097
78 80 -11.4530841
79 80 0.0908560911
80 80 1271.98421
81 80 0.275527798
82 80 0.0561200397
83 80 -0.0143312899
84 80 -2.59498348
85 80 -0.252930735
86 80 0.00136864973
87 80 -0.0242810792
88 80 -0.0382918628
89 80 0.000601952813
90 80 0.799629573
61 81 -1.10684171
62 81 -0.284201645
63 81 1.73755424
64 81 0.553138306
65 81 3.06194881
66 81 0.391144089
73 81 1.53596233
74 81 0.0329549262
75 81 -22.8381114
76 81 -1.54725183
77 81 -295.895114
78 81 -0.263083076
79 81 -1.64479333
80 81 0.275527798
81 81 1307.26297
82 81 -0.975416861
83 81 0.144171979
84 81 35.0683287
85 81 -147.408212
86 81 0.797650037
87 81 -14.1510302
88 81 0.67933214
89 81 -0.0106791852
90 81 -14.186149
61 82 -0.915599226
62 82 0.0592092809
63 82 -0.586595993
64 82 -1.0417084
65 82 -0.270209233
66 82 3.53260119
73 82 11.4193639
74 82 -0.0770374579
75 82 0.882680714
76 82 11.4450988
77 82 0.242010934
78 82 -296.557602
79 82 -17.5802202
80 82 0.0561200397
81 82 -0.975416861
82 82 1254.50707
83 82 0.0501589513
84 82 -0.474561332
85 82 -0.782185459
86 82 -148.453888
87 82 -0.220032676
88 82 7.10092579
89 82 -0.0194239283
90 82 0.340042046
61 83 -0.237497714
62 83 0.0153583232
63 83 -0.15215741
64 83 0.00745214873
65 83 0.00193301636
66 83 -0.0252714381
73 83 0.241466761
74 83 -0.00162898613
75 83 0.0186646169
76 83 -0.0381871718
77 83 -0.000807482164
78 83 0.989479981
79 83 0.107273708
80 83 -0.0143312899
81 83 0.144171979
82 83 0.0501589513
83 83 1272.00996
84 83 0.0756859764
85 83 14.1871747
86 83 0.144278314
87 83 -147.776589
88 83 -0.111627431
89 83 0.000305346552
90 83 -0.00534550296
61 84 3.10494463
62 84 -0.20078822
63 84 1.98924161
64 84 -0.307183387
65 84 -0.0796804432
66 84 1.0417084
73 84 -295.890779
74 84 1.99614213
75 84 -22.8714214
76 84 0.441702673
77 84 0.00933996978
78 84 -11.4450988
79 84 440.559871
80 84 -2.59498348
81 84 35.0683287
82 84 -0.474561332
83 84 0.0756859764
84 84 1289.5157
85 84 -0.0499928739
86 84 -7.10878021
87 84 0.120064853
88 84 -148.285036
89 84 0.405620055
90 84 -7.10092579
67 85 13.895792
68 85 1.5223573
69 85 -38.2016181
70 85 -0.642541837
71 85 15.0133887
72 85 0.171038418
79 85 12.6633988
80 85 -0.252930735
81 85 -147.408212
82 85 -0.782185459
83 85 14.1871747
84 85 -0.0499928739
85 85 1245.4522
86 85 0.592333744
87 85 -6.40742599
88 85 -14.3207391
89 85 -0.758847355
90 85 187.787094
67 86 -0.523810014
68 86 -0.0573861495
69 86 1.44003236
70 86 -42.6625587
71 86 2.19485283
72 86 -7.69361635
79 86 -0.0685237302
80 86 0.00136864973
81 86 0.797650037
82 86 -148.453888
83 86 0.144278314
84 86 -7.10878021
85 86 0.592333744
86 86 1272.0674
87 86 -0.544502873
88 86 0.311369373
89 86 0.0321966032
90 86 -2.30794519
67 87 5.19175328
68 87 0.568783952
69 87 -14.2729091
70 87 -2.5845696
71 87 -39.9620764
72 87 -1.23401618
79 87 1.2156727
80 87 -0.0242810792
81 87 -14.1510302
82 87 -0.220032676
83 87 -147.776589
84 87 0.120064853
85 87 -6.40742599
86 87 -0.544502873
87 87 1300.43533
88 87 -3.38594527
89 87 -0.31440435
90 87 29.135849
67 88 7.24428359
68 88 -0.273077511
69 88 2.70661313
70 88 7.61193139
71 88 0.914247232
72 88 -42.0437222
79 88 7.07645555
80 88 -0.0382918628
81 88 0.67933214
82 88 7.10092579
83 88 -0.111627431
84 88 -148.285036
85 88 -14.3207391
86 88 0.311369373
87 88 -3.38594527
88 88 1257.29853
89 88 0.128260352
90 88 -1.71816692
67 89 0.87009011
68 89 -0.032798556
69 89 0.325083535
70 89 -0.108836424
71 89 -0.0130720305
72 89 0.601146825
79 89 -0.111242755
80 89 0.000601952813
81 89 -0.0106791852
82 89 -0.0194239283
83 89 0.000305346552
84 89 0.405620055
85 89 -0.758847355
86 89 0.0321966032
87 89 -0.31440435
88 89 0.128260352
89 89 1272.02415
90 89 -0.16017712
67 90 -40.0130573
68 90 1.50831562
69 90 -14.9497
70 90 1.37812488
71 90 0.165522623
72 90 -7.61193139
79 90 -147.774037
80 90 0.799629573
81 90 -14.186149
82 90 0.340042046
83 90 -0.00534550296
84 90 -7.10092579
85 90 187.787094
86 90 -2.30794519
87 90 29.135849
88 90 -1.71816692
89 90 -0.16017712
90 90 1286.72424
